0.37
0.16
0.88
0.35
0.97
0.44
0.27
0.75
0.59
0.62
0.78
0.47
0.74
0.86
0.60
0.78
0.86
0.30
0.51
0.86
0.33
0.30
0.76
0.82
0.46
0.69
0.35
0.64
0.19
0.18
0.79
0.37
0.22
0.41
0.27
0.04
0.53
0.18
0.77
0.56
0.58
0.58
0.67
0.63
0.04
0.66
0.20
0.05
0.51
0.47
0.10
0.98
0.52
0.19
0.37
0.83
0.20
0.23
0.64
0.96
0.31
0.21
0.74
0.38
0.33
0.62
0.19
0.78
0.55
0.95
0.76
0.51
0.59
0.60
0.44
0.72
0.38
0.87
0.77
0.02
0.73
0.68
0.45
0.89
0.69
0.36
0.14
0.80
0.35
0.46
0.71
0.71
0.30
0.51
0.47
0.70
0.45
0.58
0.80
0.70
0.51
0.29
0.22
0.32
0.50
0.85
0.52
0.90
0.48
0.39
0.09
0.45
0.87
0.47
0.03
0.94
0.27
0.39
0.19
0.01
0.16
0.48
0.97
0.19
0.39
0.72
0.40
0.49
1.00
0.34
0.55
0.65
0.32
0.81
0.50
0.95
0.36
0.56
0.70
0.72
0.95
0.89
0.15
0.49
0.89
0.71
0.12
0.73
0.67
0.75
0.70
0.54
0.67
0.29
0.47
0.86
0.88
0.97
0.85
0.73
0.98
0.32
0.68
0.24
0.26
0.83
0.61
0.34
0.57
0.65
0.19
0.18
0.13
0.96
0.26
0.69
0.94
0.03
0.61
0.67
0.97
0.63
0.85
0.38
0.67
0.68
0.92
0.61
0.25
0.25
0.21
0.53
0.01
0.95
0.55
0.90
0.76
0.66
0.06
0.30
0.28
0.09
0.41
0.57
0.37
0.54
0.57
0.00
0.28
0.67
0.11
0.92
0.73
0.01
0.99
0.42
0.36
0.71
0.45
0.47
0.77
0.93
0.82
0.54
0.37
0.77
0.14
0.57
0.93
0.49
0.49
0.45
0.32
0.88
0.93
0.36
0.27
0.18
0.12
0.78
0.86
0.80
0.88
0.80
0.48
0.19
0.52
0.63
0.50
0.91
0.31
0.54
0.34
0.53
0.51
0.12
0.77
0.80
0.95
0.88
0.34
0.32
0.74
0.05
0.87
0.12
0.31
0.24
0.74
0.76
0.98
0.26
0.11
0.95
0.53
0.98
0.18
0.08
0.94
0.30
0.27
0.71
0.66
0.26
0.36
0.03
0.61
0.67
0.82
0.36
0.08
0.85
0.86
0.22
0.07
0.30
0.87
0.07
0.34
0.90
0.70
0.57
0.86
0.37
0.26
0.35
0.16
0.41
0.88
0.39
0.20
0.10
0.98
0.15
0.20
0.54
0.87
0.51
0.59
0.16
0.79
0.11
0.49
0.38
0.06
0.71
0.83
0.88
0.96
0.88
0.77
0.91
0.99
0.97
0.32
0.52
0.88
0.93
0.38
0.55
0.50
0.26
0.11
0.42
0.48
0.38
0.64
0.12
0.61
0.81
0.47
0.04
0.47
0.59
0.07
0.50
0.70
0.17
0.46
0.76
0.69
0.11
0.41
0.76
0.14
0.59
0.46
0.09
0.86
0.37
0.48
0.17
0.48
0.01
0.94
0.20
0.50
0.55
0.69
0.10
0.52
0.95
0.10
0.49
0.77
0.05
0.79
0.54
0.98
0.24
0.24
0.37
0.89
0.26
0.10
0.53
0.20
0.96
0.86
0.52
0.46
0.79
0.16
0.53
0.00
0.19
0.93
0.61
0.10
0.01
0.53
0.75
0.34
0.58
0.65
0.63
0.26
0.85
0.62
0.43
0.44
0.66
0.17
0.02
0.16
0.36
0.35
0.33
0.06
0.91
0.01
0.56
0.47
0.36
0.03
0.21
0.76
0.82
0.45
0.32
0.06
0.89
0.79
0.12
0.32
0.83
0.04
0.35
0.42
0.88
0.99
0.94
0.23
0.99
0.45
0.88
0.75
0.82
0.68
0.22
0.05
0.82
0.99
0.14
0.09
0.82
0.68
0.57
0.66
0.71
0.46
0.39
0.52
0.40
0.16
0.41
0.76
0.05
0.04
0.63
0.43
0.81
0.83
0.08
0.92
0.03
0.41
0.77
0.86
0.48
0.76
0.88
0.12
0.86
0.50
0.47
0.80
0.39
0.48
0.49
0.64
0.12
0.06
0.75
0.70
0.07
0.13
0.27
0.52
0.05
0.75
0.84
0.46
0.58
0.60
0.61
0.22
0.38
0.50
0.57
0.24
0.83
0.79
0.43
0.76
0.74
0.53
0.92
0.37
0.24
0.54
0.77
0.80
0.42
0.98
0.20
0.28
0.77
0.17
0.96
0.12
0.54
0.66
0.25
0.31
0.11
0.89
0.05
0.78
0.66
0.45
0.57
0.48
0.45
0.57
0.16
0.69
0.13
0.05
0.43
0.51
0.53
0.83
0.23
0.05
0.91
0.76
0.25
0.35
0.09
0.78
0.69
0.04
0.25
0.80
0.47
0.70
0.10
0.56
0.06
0.44
0.97
0.56
0.50
0.06
0.91
0.29
0.32
0.46
0.92
0.51
0.68
0.39
0.17
0.09
0.90
0.48
0.98
0.37
0.46
0.91
0.09
0.66
0.70
0.21
0.91
0.17
0.60
0.00
0.69
0.71
0.28
0.64
0.65
0.51
0.20
0.68
0.80
0.18
0.10
0.28
0.79
0.68
0.88
0.67
0.45
0.56
0.81
0.95
0.35
0.52
0.73
0.35
0.71
0.68
0.95
0.42
0.25
0.76
0.03
0.90
0.41
0.99
0.07
0.69
0.22
0.16
0.65
0.50
0.46
0.27
0.10
0.99
0.47
0.17
0.59
0.78
0.28
0.34
0.19
0.11
0.13
0.44
0.69
0.10
0.23
0.77
0.51
0.07
0.13
0.51
0.01
0.66
0.97
0.68
0.98
0.66
0.02
0.42
0.10
0.88
0.10
0.33
0.43
0.50
0.90
0.15
0.40
0.26
0.23
0.52
0.95
0.85
0.33
0.37
0.62
0.45
0.77
0.47
0.31
0.34
0.91
0.14
0.56
0.13
0.57
0.97
0.32
0.27
0.12
0.68
0.39
0.01
0.11
0.98
0.47
0.45
0.52
0.00
0.51
0.71
0.90
0.94
0.26
0.50
0.92
0.91
0.76
0.67
0.13
0.07
0.95
0.85
0.37
0.24
0.19
0.31
0.63
0.10
0.89
0.16
0.04
0.77
0.26
0.12
0.68
0.75
0.65
0.26
0.64
0.78
0.95
0.76
0.57
0.35
0.09
0.68
0.17
0.48
0.81
0.10
0.48
0.49
0.13
0.30
0.34
0.58
0.67
0.69
0.90
0.84
0.36
0.91
0.18
0.25
0.39
0.35
0.04
0.32
0.18
0.61
0.29
0.31
0.33
0.40
0.96
0.07
0.13
0.70
0.71
0.24
0.02
0.35
0.28
0.34
0.38
0.54
0.01
0.34
0.03
0.47
0.90
0.12
0.39
0.50
0.77
0.37
0.90
0.92
0.89
0.53
0.48
0.42
0.56
0.34
0.27
0.67
0.88
0.54
0.19
0.50
0.77
0.82
0.33
0.31
0.57
0.89
0.65
0.38
0.61
0.57
0.04
0.64
0.16
0.50
0.75
0.35
0.90
0.14
0.98
0.36
0.10
0.07
0.87
0.75
0.56
0.54
0.93
0.12
0.14
0.43
0.47
0.18
0.04
0.01
0.40
0.49
0.70
0.98
0.60
0.66
0.11
0.38
0.35
0.36
0.06
0.36
0.79
0.62
0.39
0.17
0.89
0.56
0.47
0.75
0.59
0.35
0.20
0.18
0.53
0.27
0.88
0.20
0.25
0.03
0.54
0.41
0.88
0.06
0.33
0.47
0.82
0.63
0.29
0.79
0.86
0.26
0.34
0.61
0.73
0.94
0.25
0.77
0.97
0.21
0.74
0.84
0.61
0.23
0.65
0.85
0.18
0.15
0.40
0.23
0.24
0.87
0.19
0.58
0.41
0.91
0.52
0.42
0.44
0.54
0.40
0.02
0.07
0.57
0.25
0.64
0.81
0.44
0.14
0.21
0.04
0.49
0.77
0.74
0.03
0.57
0.23
0.69
0.46
0.98
0.85
0.92
0.69
0.51
0.51
0.34
0.80
0.07
0.86
0.53
0.64
0.45
0.22
0.47
0.82
0.98
0.80
0.67
0.53
0.54
0.64
0.06
0.94
0.96
0.50
0.41
0.16
0.40
0.44
0.44
0.21
0.64
0.44
0.81
0.55
0.81
0.91
0.67
0.30
0.53
0.74
0.07
0.05
0.40
0.39
0.58
0.51
0.59
0.64
0.99
0.22
0.77
0.96
0.69
0.43
0.33
0.78
0.46
0.82
0.67
0.06
0.40
0.06
0.86
0.70
0.60
0.62
0.16
0.82
0.74
0.28
0.98
0.92
0.70
0.99
0.00
0.70
0.32
0.36
0.06
0.43
0.77
0.58
0.25
0.80
0.63
0.25
0.82
0.50
0.18
0.06
0.14
0.99
0.07
0.51
0.57
0.09
0.18
0.18
0.52
0.60
0.53
0.48
0.68
0.10
0.94
0.87
0.64
0.36
0.14
0.69
0.21
0.54
0.92
0.08
0.58
0.11
0.33
0.96
0.93
0.09
0.01
0.35
0.96
0.96
0.81
0.97
0.24
0.22
0.81
0.49
0.50
0.02
0.75
0.30
0.45
1.00
0.26
0.98
0.79
0.81
0.77
0.35
0.12
0.80
0.08
0.28
0.67
0.38
0.21
0.38
0.02
0.87
0.09
0.91
0.16
0.02
0.89
0.92
0.59
0.81
0.05
0.61
0.49
0.10
0.85
0.85
0.62
0.76
0.50
0.72
0.14
0.87
0.25
0.48
0.83
0.22
0.56
0.02
0.10
0.69
0.10
0.14
0.49
0.96
0.24
0.31
0.84
0.66
0.61
0.94
0.27
0.50
0.79
0.73
0.32
0.02
0.96
0.14
0.39
0.80
0.11
0.24
0.85
0.95
0.42
0.49
0.49
0.84
0.25
0.62
0.06
0.46
0.52
0.87
0.40
0.80
0.89
0.05
0.92
0.94
0.13
0.00
0.47
0.49
0.78
0.70
0.70
0.40
0.72
0.94
0.33
0.86
0.44
0.11
0.96
0.17
0.08
0.05
0.72
0.74
0.48
0.21
0.89
0.13
0.17
0.98
0.45
0.34
0.61
0.85
0.31
0.82
0.09
0.80
0.28
0.19
0.55
0.02
0.99
0.77
0.60
0.10
0.25
0.46
0.33
0.88
0.69
0.27
0.47
0.34
0.06
0.99
0.19
0.82
0.29
0.40
0.71
0.55
0.86
0.65
0.21
0.49
0.76
0.03
0.49
0.55
0.17
0.34
0.98
0.65
0.28
0.88
0.80
0.59
0.06
0.10
0.83
0.06
0.31
0.87
0.52
0.14
0.09
0.60
0.71
0.92
0.75
0.21
0.17
0.31
0.89
0.80
0.74
0.25
0.12
0.15
0.56
0.74
0.63
0.94
0.44
0.54
0.33
0.52
0.31
0.74
0.14
0.61
0.53
0.35
0.24
0.21
0.42
0.92
0.05
0.61
0.03
0.73
0.82
0.92
0.16
0.33
0.30
0.94
0.17
0.13
0.09
0.75
0.35
0.01
0.62
0.44
0.41
0.37
0.85
0.06
0.93
0.38
0.53
0.52
0.89
0.47
0.59
0.49
0.68
0.33
0.45
0.86
0.61
0.08
0.00
0.18
0.12
0.18
0.07
0.09
0.10
0.65
0.34
0.64
0.02
0.40
0.64
0.83
0.92
0.65
0.09
0.57
0.96
0.98
0.95
0.49
0.59
0.78
0.76
0.15
0.60
0.58
0.82
0.68
0.55
0.83
0.25
0.36
0.84
0.51
0.03
0.61
0.25
0.41
0.11
0.18
0.65
0.04
0.10
0.88
0.04
0.61
0.77
0.44
0.16
0.63
0.46
0.47
0.80
0.74
0.62
0.57
0.44
0.27
0.54
0.60
0.30
0.54
0.94
0.45
0.73
0.17
0.29
0.60
0.25
0.41
0.30
0.55
0.63
0.23
0.47
0.88
0.57
0.37
0.53
0.27
0.90
0.99
0.19
0.38
0.37
0.67
0.24
0.30
0.47
0.08
0.12
0.33
0.07
0.81
0.60
0.80
0.06
0.27
0.57
0.39
0.72
0.42
0.94
0.67
0.51
0.53
0.78
0.42
0.45
0.01
0.53
0.62
0.63
0.21
0.67
0.55
0.53
0.38
0.86
0.76
0.34
0.77
0.98
0.39
0.75
0.10
0.01
0.99
0.92
0.34
0.29
0.42
0.34
0.53
0.53
0.93
0.19
0.18
0.94
0.05
0.67
0.33
0.46
0.85
0.62
0.21
0.00
0.29
0.10
0.13
0.85
0.87
0.71
0.12
0.19
0.29
0.30
0.81
0.86
0.10
0.98
0.44
0.45
0.22
0.70
0.62
0.45
0.41
0.81
0.52
0.35
0.21
0.73
0.08
0.24
0.87
0.04
0.18
0.11
0.94
0.83
0.40
0.10
0.09
0.45
0.40
0.06
0.64
0.63
0.02
0.57
0.46
0.18
0.40
0.83
0.25
0.98
0.11
0.86
0.62
0.54
0.23
0.98
0.84
0.93
0.78
0.27
0.86
0.17
0.73
0.69
0.22
0.46
0.91
0.56
0.47
0.17
0.90
0.06
0.96
0.99
0.20
0.36
0.98
0.55
0.48
0.08
0.32
0.74
0.36
0.54
0.85
0.45
0.30
0.04
0.41
0.61
0.04
0.48
0.26
0.35
0.47
0.10
0.60
0.13
0.61
0.44
0.99
0.64
0.87
0.16
0.47
0.80
0.32
0.12
0.94
0.59
0.44
0.06
0.47
0.69
0.10
0.98
0.02
0.90
0.93
0.63
0.41
0.09
0.87
0.91
0.45
0.67
0.81
0.96
0.10
0.82
0.25
0.85
0.15
0.13
0.79
0.33
0.79
0.77
0.34
0.49
0.93
0.86
0.41
0.29
0.92
0.24
0.03
0.51
0.84
0.56
0.24
0.29
0.91
0.74
0.05
0.09
0.36
0.11
0.39
0.59
0.88
0.38
0.42
0.91
0.34
0.66
0.84
0.33
0.86
0.92
0.43
0.09
0.27
0.75
0.79
0.31
0.40
0.21
0.85
0.17
0.88
0.03
0.66
0.80
0.48
0.80
0.05
0.02
0.39
0.08
0.25
0.82
0.79
0.92
0.23
0.35
0.34
0.29
0.22
0.04
0.77
0.67
0.53
0.54
0.99
0.73
0.00
0.73
0.59
0.16
0.79
0.38
0.03
0.45
0.35
0.36
0.81
0.14
0.83
0.40
0.99
0.49
0.64
0.91
0.01
0.32
0.45
0.74
0.29
0.62
0.32
0.78
0.35
0.92
0.74
0.53
0.95
0.85
0.08
0.62
0.58
0.51
0.29
0.76
0.36
0.55
0.66
0.18
0.45
0.61
0.86
0.69
0.85
0.60
0.08
0.48
0.87
0.19
0.81
0.17
0.19
0.37
0.87
0.73
0.02
0.29
0.95
0.84
0.79
0.10
0.69
0.86
0.83
0.60
0.65
0.85
0.56
0.87
0.30
0.84
0.63
0.43
0.53
0.76
0.57
0.35
0.48
0.93
0.95
0.51
0.97
0.61
0.05
0.51
0.32
0.50
0.96
0.69
0.87
0.97
0.72
0.87
0.48
0.68
0.44
0.35
0.27
0.94
0.13
0.84
0.75
0.91
0.92
0.61
0.75
0.40
0.51
0.27
0.52
0.22
0.49
0.32
0.17
0.69
0.78
0.47
0.16
0.83
0.63
0.46
0.87
0.49
0.53
0.90
0.66
0.79
0.21
0.50
0.51
0.91
0.62
0.25
0.65
0.79
0.83
0.91
0.87
0.40
0.56
0.40
0.19
0.87
0.02
0.62
0.32
0.95
0.95
0.28
0.91
0.32
0.14
0.66
0.55
0.89
0.14
0.93
0.22
0.93
0.61
0.67
0.29
0.33
0.29
0.50
0.11
0.06
0.15
0.90
0.89
0.43
0.67
0.40
0.78
0.33
0.88
0.64
0.55
0.89
0.26
0.83
0.93
0.88
0.66
0.60
0.06
0.24
0.96
0.83
0.54
0.76
0.60
0.80
0.07
0.66
0.91
0.69
0.07
0.11
0.07
0.52
0.57
0.52
0.86
0.61
0.34
0.30
0.83
0.70
0.91
0.02
0.07
0.79
0.89
0.45
0.28
0.48
0.38
0.02
0.72
0.19
1.00
0.04
0.25
0.38
0.66
0.36
0.32
0.60
0.84
0.06
0.65
0.08
0.39
0.30
0.64
0.27
0.14
0.47
0.08
0.16
0.88
0.22
0.73
0.01
0.96
0.43
0.09
0.23
0.40
0.47
0.09
0.47
0.68
0.20
0.09
0.22
0.64
0.73
0.18
0.79
0.64
0.97
0.97
0.06
0.72
0.66
0.13
0.31
0.72
0.36
0.19
0.53
0.30
0.24
0.28
0.15
0.58
0.12
0.77
0.92
0.58
0.80
0.06
0.43
0.23
0.76
0.28
0.11
0.00
0.34
0.76
0.76
0.03
0.52
0.74
0.09
0.47
0.50
0.66
0.81
0.77
0.29
0.21
0.16
0.08
0.00
0.77
0.91
0.85
0.53
0.86
0.81
0.95
0.04
0.39
0.11
0.81
0.22
0.63
0.28
0.22
0.45
0.50
0.52
0.10
0.33
0.89
0.05
0.73
0.18
0.07
0.78
0.98
0.68
0.02
0.12
0.68
0.87
0.77
0.59
0.42
0.91
0.69
0.85
0.33
0.90
0.46
0.27
0.56
0.70
0.84
0.22
0.20
0.75
0.66
0.31
0.99
0.69
0.86
0.28
0.02
0.57
0.60
0.86
0.42
0.62
0.08
0.45
0.71
0.35
0.16
0.85
0.51
0.00
0.25
0.46
0.20
0.73
0.80
0.33
0.25
0.81
0.41
0.75
0.68
0.90
0.24
0.29
0.32
0.88
0.58
0.14
0.11
0.06
0.40
0.13
0.94
0.46
0.66
0.38
0.50
0.81
0.89
0.55
0.43
0.07
0.56
0.95
0.41
0.18
0.39
0.56
0.79
0.96
0.34
0.57
0.01
0.05
0.15
0.38
0.89
0.58
0.30
0.73
0.33
0.32
0.88
0.83
0.62
0.07
0.97
0.75
0.68
0.18
0.23
0.08
0.71
0.68
0.24
0.57
0.68
0.07
0.20
0.27
0.74
0.60
0.39
0.69
0.46
0.19
0.70
0.34
0.44
0.59
0.18
0.06
0.96
0.81
0.84
0.49
0.37
0.12
0.83
0.40
0.06
0.40
0.97
0.93
0.94
0.92
0.68
0.34
0.87
0.15
0.85
0.68
0.46
0.64
0.94
0.66
0.29
0.13
0.56
0.05
0.05
0.62
0.22
0.13
0.19
0.18
0.18
0.19
0.49
0.41
0.46
0.21
0.41
0.40
0.22
0.09
0.82
0.17
0.77
0.51
0.01
0.10
0.91
0.92
0.01
0.29
0.40
0.28
0.10
0.94
0.41
0.44
0.74
0.31
0.14
0.11
0.13
0.73
0.07
0.19
0.83
0.34
0.30
0.35
0.36
0.32
0.52
0.54
0.54
0.71
0.71
0.84
0.89
0.75
0.45
0.63
0.30
0.30
0.19
0.53
0.06
0.58
0.72
0.93
0.43
0.02
0.89
0.61
0.65
0.42
0.16
0.40
0.59
0.80
0.82
0.26
0.44
0.55
0.79
0.52
0.82
0.08
0.23
0.44
0.48
0.74
0.51
0.12
0.94
0.49
0.01
0.68
0.99
0.48
0.06
0.89
0.52
0.01
0.62
0.73
0.99
0.59
0.96
0.09
0.04
0.41
0.50
0.85
0.56
0.17
0.38
0.66
0.51
0.68
0.47
0.54
0.34
0.99
0.63
0.81
0.54
0.02
0.19
0.69
0.52
0.07
0.95
0.56
0.16
0.93
0.33
0.73
0.46
0.65
0.07
0.58
0.28
0.15
0.58
0.71
1.00
0.86
0.76
0.22
0.19
0.88
0.60
0.70
0.19
0.84
0.55
0.54
0.47
0.56
0.76
0.51
0.73
0.43
0.01
0.36
0.40
0.61
0.70
0.04
0.32
0.90
0.20
0.67
0.86
0.68
0.15
0.30
0.14
0.48
0.72
0.78
0.00
0.43
0.54
0.67
0.23
0.97
0.57
0.15
0.77
0.31
0.88
0.69
0.61
0.74
0.51
0.96
0.04
0.46
0.67
0.19
0.13
0.67
0.43
1.00
0.44
0.12
0.30
0.59
0.19
0.04
0.76
0.06
0.88
0.04
0.83
0.18
0.48
0.79
0.92
0.45
0.60
0.00
0.89
0.02
0.46
0.90
0.92
0.60
0.17
0.47
0.05
0.67
0.14
0.90
0.00
0.83
0.09
0.17
0.18
0.52
0.34
0.40
0.75
0.50
0.21
0.07
0.14
0.58
0.92
0.77
0.62
0.16
0.94
0.04
0.09
0.73
0.93
0.38
0.96
0.78
0.93
0.07
0.84
0.92
0.36
0.74
0.56
0.85
0.38
0.37
0.92
0.83
0.38
0.14
0.64
0.20
0.71
0.36
0.16
0.78
0.34
0.98
0.13
0.10
0.97
0.65
0.80
0.75
0.85
0.08
0.09
0.27
0.71
0.91
0.76
0.61
0.46
0.53
0.09
0.53
0.20
0.98
0.86
0.72
0.12
0.06
0.37
0.86
0.76
0.02
0.96
0.31
0.88
0.34
0.46
0.67
0.45
0.74
0.93
0.70
0.24
0.68
0.76
0.63
0.32
0.83
0.68
0.70
0.99
0.00
0.93
0.08
0.55
0.35
0.58
0.75
0.59
0.43
0.70
0.96
0.19
0.56
0.44
0.67
0.10
1.00
0.30
0.34
0.97
0.37
0.54
1.00
0.82
0.97
0.06
0.10
0.48
0.64
0.41
0.74
0.69
0.61
0.86
0.32
0.59
0.35
0.49
0.54
0.27
0.17
0.46
0.51
0.80
0.70
0.83
0.14
0.75
0.97
0.96
0.35
0.25
0.92
0.39
0.72
0.70
0.61
0.30
0.88
0.39
0.37
0.20
0.62
0.77
0.30
0.79
0.52
0.06
0.78
0.96
0.98
0.28
0.61
0.97
0.03
0.24
0.49
0.59
0.15
0.83
0.05
0.72
0.03
0.84
0.22
0.67
0.45
0.92
0.12
0.65
0.91
0.64
0.32
0.60
0.52
0.57
0.20
0.89
0.99
0.99
0.88
0.21
0.10
0.75
0.90
0.61
0.77
0.37
0.83
0.06
0.25
0.28
0.81
0.37
0.86
0.83
0.55
0.86
0.86
0.89
0.40
0.06
0.45
0.68
0.84
0.90
0.01
0.42
0.83
0.88
0.41
0.84
0.92
0.87
0.05
0.17
0.54
0.61
0.36
0.64
0.27
0.87
0.81
0.13
0.24
0.09
0.18
0.74
0.37
0.08
0.73
0.46
0.57
0.88
0.36
0.50
0.48
0.57
0.86
0.96
0.19
0.26
0.26
0.27
0.22
0.85
0.44
0.28
0.73
0.35
0.61
0.31
0.52
0.98
0.97
0.40
0.63
0.18
0.13
0.44
0.97
0.05
0.69
0.67
0.09
0.58
0.50
0.65
0.64
0.16
0.10
0.53
0.81
0.08
0.21
0.24
0.52
0.72
0.47
0.39
0.17
0.84
0.24
0.08
0.86
0.09
0.81
0.41
0.05
0.48
0.12
0.11
0.67
0.68
0.47
0.88
0.14
0.14
0.25
0.84
0.50
0.65
0.61
0.31
0.29
0.39
0.45
0.58
0.29
0.60
0.56
0.99
0.61
0.42
0.91
0.41
0.89
0.17
0.62
0.76
0.12
0.56
0.74
0.38
0.71
0.56
0.45
0.57
0.41
0.13
0.90
0.92
0.33
0.13
0.34
0.41
0.41
0.64
0.43
0.11
0.63
0.07
0.84
0.84
0.06
0.62
0.13
0.47
0.56
0.40
0.13
0.50
0.71
0.95
0.71
0.44
0.14
0.92
0.99
0.21
0.37
0.69
0.39
0.76
0.08
0.18
0.55
0.48
0.17
0.82
0.95
0.95
0.83
0.89
0.93
0.39
0.24
0.20
0.31
0.87
0.19
0.06
0.69
0.93
0.34
0.64
0.85
0.93
0.66
0.43
0.26
0.68
0.58
0.93
0.07
0.56
0.65
0.61
0.89
0.78
0.32
0.69
0.46
0.52
0.00
0.72
0.96
0.01
0.14
0.60
0.22
0.80
0.50
0.66
0.40
0.58
0.49
0.16
0.39
0.46
0.31
1.00
0.36
0.93
0.12
0.95
0.52
0.92
0.78
0.32
0.38
0.56
0.65
0.63
0.35
0.48
0.96
0.17
0.66
0.11
0.00
0.63
0.07
0.23
0.16
0.30
0.21
0.19
0.44
0.39
0.19
0.28
0.98
0.12
0.46
0.06
0.56
0.70
0.59
0.03
0.02
0.62
0.77
0.99
0.62
0.86
0.90
0.67
0.15
0.83
0.84
0.95
0.13
0.01
0.41
0.79
0.99
0.49
0.47
0.17
0.20
0.58
0.60
0.34
0.99
0.49
0.73
0.59
0.62
0.73
0.40
0.77
0.19
0.48
0.09
0.80
0.13
0.81
0.67
0.34
0.66
0.91
0.87
0.46
0.72
0.54
0.72
0.88
0.73
0.72
0.22
0.60
0.39
0.25
0.03
0.15
0.33
0.55
0.13
0.72
0.75
0.42
0.81
0.26
0.84
0.36
0.98
0.40
0.33
0.99
0.18
0.63
0.34
0.66
0.43
0.31
0.46
0.87
0.00
0.70
0.48
0.16
0.53
0.43
0.32
0.60
0.46
0.05
0.69
0.08
0.33
0.50
0.09
0.55
0.32
0.25
0.18
0.65
0.27
0.95
0.10
0.05
0.86
0.01
0.77
0.94
0.10
0.01
0.92
0.54
0.92
0.17
0.42
0.56
0.82
0.23
0.18
0.41
0.66
0.12
0.73
0.38
0.22
0.07
0.37
1.00
0.81
0.60
0.18
0.40
1.00
0.59
0.85
0.19
0.22
0.58
0.82
0.02
0.65
0.27
0.67
0.83
0.59
0.11
0.27
0.00
0.39
0.10
0.28
0.91
0.70
0.95
0.77
0.14
0.31
0.05
0.61
0.54
0.28
0.16
0.19
0.46
0.23
0.15
0.67
0.88
0.28
0.31
0.16
0.54
0.26
0.04
0.82
0.76
0.23
0.09
0.74
0.81
0.10
0.31
0.11
0.31
0.12
0.86
0.19
0.86
0.44
0.32
0.24
0.54
0.61
0.25
0.44
0.32
0.77
0.57
0.62
0.76
0.89
0.02
0.72
0.26
0.98
0.76
0.55
0.24
0.36
0.11
0.69
0.31
0.26
0.36
0.92
0.02
0.64
0.65
0.92
0.51
0.55
0.84
0.04
0.74
0.03
0.23
0.17
0.86
0.56
0.25
0.08
0.76
0.28
0.67
0.06
0.03
0.48
0.22
0.55
0.61
0.21
0.55
0.66
0.42
0.48
0.46
0.65
0.88
0.34
0.60
0.41
0.64
0.05
0.41
0.17
0.50
0.66
0.29
0.54
0.08
0.71
0.61
0.30
0.13
0.70
0.41
0.14
0.21
1.00
0.23
0.30
0.05
0.03
0.15
0.09
0.77
0.11
0.99
0.28
0.54
0.94
0.08
0.12
0.33
0.90
0.20
0.72
0.10
0.94
0.00
0.65
0.07
0.75
0.80
0.27
0.90
0.96
0.48
0.43
0.95
0.86
0.54
0.21
0.44
0.52
0.48
0.26
0.63
0.21
0.48
0.38
0.23
0.53
0.98
0.70
0.08
0.17
0.73
0.20
0.20
0.33
0.29
0.03
0.10
0.47
0.69
0.48
0.42
0.13
0.51
0.29
0.23
0.68
0.12
0.67
0.07
0.59
0.08
0.69
0.48
0.50
0.36
0.24
0.06
0.97
0.18
0.38
0.39
0.46
0.68
0.12
0.82
0.93
0.57
0.62
0.62
0.61
0.84
0.94
0.31
0.90
0.24
0.16
0.89
0.67
0.10
0.75
0.98
0.18
0.90
0.78
0.28
0.23
0.02
0.17
0.39
0.12
0.91
0.66
0.56
0.76
0.72
0.12
0.64
0.38
0.29
0.09
0.46
0.09
0.41
0.91
0.00
0.96
0.19
0.13
0.14
0.68
0.88
0.66
0.82
0.78
0.93
0.20
0.85
0.79
0.46
0.81
0.74
0.95
0.44
0.37
0.73
1.00
0.35
0.46
0.67
0.88
0.54
0.21
0.85
0.05
0.49
0.94
0.45
0.82
0.07
0.76
0.14
0.03
0.71
0.58
0.62
0.24
0.99
0.44
0.44
0.73
0.73
0.92
0.56
0.71
0.05
0.46
0.24
0.86
0.23
0.22
0.97
0.96
0.12
0.69
0.10
0.13
0.42
0.77
0.59
0.86
0.56
0.03
0.58
0.59
0.15
0.89
0.45
0.16
0.71
0.27
0.02
0.22
0.33
0.02
0.13
0.05
0.60
0.45
0.71
0.57
0.58
0.88
0.88
0.53
0.06
0.32
0.82
0.66
0.48
0.19
0.19
0.74
0.73
0.98
0.06
0.13
0.60
0.47
0.08
0.82
0.56
0.94
0.87
0.50
0.94
0.52
0.92
0.87
0.62
0.67
0.85
0.44
0.27
0.40
0.96
0.86
0.56
0.37
0.93
0.59
0.25
0.48
0.13
0.47
0.13
0.13
0.51
0.19
0.81
0.51
0.43
0.28
0.51
0.16
0.06
0.25
0.66
0.70
0.74
0.72
0.83
0.23
0.42
0.61
0.50
0.09
0.99
0.57
0.63
0.61
0.96
0.58
0.15
0.00
0.35
0.92
0.87
0.29
0.80
0.78
0.69
0.56
0.82
0.23
0.45
0.77
0.40
0.02
0.43
0.81
0.64
0.12
0.59
0.72
0.59
0.10
0.14
0.56
0.01
0.07
0.46
0.38
0.70
0.63
0.52
0.39
0.57
0.23
0.09
0.93
0.09
0.96
0.39
0.81
0.71
0.54
0.87
0.81
0.52
0.60
0.10
0.51
0.99
0.26
0.49
0.01
0.73
0.78
0.29
0.64
0.66
0.63
0.03
0.68
0.06
0.52
0.15
0.84
0.59
0.90
0.30
0.30
0.48
0.73
0.22
0.67
0.24
0.50
0.41
0.68
0.87
0.56
0.43
0.56
0.22
0.87
0.74
0.18
0.73
0.18
0.08
0.48
0.66
0.75
0.14
0.50
0.56
0.37
0.59
0.53
0.26
0.65
0.25
0.45
0.90
0.65
0.35
0.20
0.68
0.37
0.44
0.63
0.04
0.76
0.86
0.77
0.32
0.62
0.22
0.90
0.96
0.76
0.60
0.81
0.62
0.08
0.81
0.09
0.07
0.18
0.25
0.68
0.35
0.11
0.66
0.65
0.29
0.29
0.45
0.67
0.14
0.98
0.66
0.99
0.64
0.26
0.99
0.91
0.01
0.45
0.97
0.67
0.41
0.58
0.98
0.96
0.89
0.36
0.77
0.40
0.29
0.68
0.50
0.71
0.43
0.57
0.92
0.68
0.50
0.83
0.36
0.66
0.71
0.90
0.77
0.86
0.03
0.11
0.76
0.71
0.14
0.97
0.86
0.54
0.58
0.84
0.47
0.06
0.10
0.01
0.47
0.93
0.87
0.80
0.84
0.92
0.33
1.00
0.98
0.23
0.90
0.74
0.60
0.63
0.03
0.54
0.96
0.96
0.37
0.91
0.92
0.52
0.45
0.09
0.99
0.91
0.86
0.96
0.93
0.53
0.34
0.28
0.96
0.70
0.10
0.71
0.70
0.47
0.03
0.21
0.45
0.31
0.53
0.09
0.37
0.06
0.74
0.14
0.69
0.94
0.04
0.03
0.04
0.35
0.51
0.14
0.07
0.14
0.62
0.20
0.78
0.84
0.59
0.95
0.56
0.96
0.30
0.93
0.09
0.07
0.76
0.44
0.04
0.84
0.13
0.84
0.31
0.96
0.32
0.07
0.38
0.56
1.00
0.31
0.67
0.00
0.88
0.08
0.63
0.48
0.27
0.69
0.51
0.84
0.91
0.01
0.18
0.59
0.02
0.24
0.68
0.73
0.20
0.22
0.45
0.29
0.26
0.04
0.68
0.86
0.19
0.97
0.66
0.75
0.33
0.75
0.06
0.73
0.94
0.32
0.06
0.68
0.81
0.84
0.08
0.05
0.70
0.42
0.96
0.01
0.22
0.18
0.10
0.29
0.79
0.01
0.02
0.06
0.61
0.45
0.20
0.39
0.71
0.83
0.38
0.56
0.06
0.15
0.95
0.35
0.52
0.00
0.38
0.48
0.53
0.85
0.06
0.59
0.65
0.66
0.30
0.09
0.90
0.50
0.68
0.20
0.23
0.24
0.67
0.42
0.61
0.80
0.71
0.77
0.31
0.80
0.78
0.60
0.23
0.59
0.87
0.29
0.83
0.97
0.70
0.17
0.21
0.84
0.46
0.42
0.79
0.04
0.68
0.54
0.60
0.54
0.45
0.20
0.84
0.82
0.09
0.23
0.68
0.44
0.86
0.80
0.84
0.01
0.95
0.26
0.35
0.75
0.91
0.16
0.87
0.47
0.63
0.40
0.67
0.16
0.07
0.57
0.39
0.27
0.20
0.68
0.04
0.60
0.49
0.64
0.74
0.46
0.00
0.79
0.63
0.73
0.14
0.18
0.42
0.62
0.05
0.95
0.98
0.08
0.37
0.74
0.64
0.10
0.66
0.48
0.55
0.91
0.89
0.68
0.84
0.16
0.56
0.37
0.39
0.69
0.21
0.65
0.03
0.67
0.81
0.34
0.60
0.67
0.70
0.89
0.26
0.03
0.25
0.29
0.64
0.75
0.76
0.64
0.67
0.35
0.06
0.21
0.64
0.27
0.80
0.35
0.54
0.05
0.64
0.61
0.05
0.13
0.31
0.60
0.80
0.85
0.46
0.90
0.18
0.90
0.40
0.88
0.04
0.30
0.71
0.54
0.80
0.73
0.94
0.36
0.11
0.36
0.50
0.57
0.69
0.46
0.31
0.48
0.35
0.63
0.28
0.25
0.05
0.04
0.47
0.32
0.05
0.29
0.26
0.15
0.69
0.23
0.93
0.53
0.03
0.05
0.18
0.52
0.70
0.07
0.78
0.98
0.24
0.11
0.04
0.74
0.60
0.92
0.38
0.48
0.33
0.72
0.54
0.03
0.07
0.01
0.86
0.31
0.92
0.10
0.90
0.36
0.57
0.36
0.44
0.55
0.02
0.36
0.96
0.04
0.62
0.44
0.87
0.27
0.79
0.60
0.58
0.14
0.01
0.47
0.38
0.17
0.38
0.46
0.96
0.37
0.67
0.57
0.46
0.91
0.20
0.17
0.83
0.30
0.53
0.11
0.18
0.94
0.11
0.12
0.06
