0.61
0.65
0.31
0.03
0.44
0.96
0.74
0.59
0.10
0.51
0.98
0.01
0.23
0.14
0.78
0.90
0.77
0.14
0.65
0.16
0.50
0.38
0.33
0.13
0.01
0.55
0.22
0.98
0.17
0.05
0.02
0.21
0.05
0.76
0.21
0.76
0.58
0.48
0.28
0.89
0.23
0.52
0.05
0.03
0.84
0.27
0.11
0.48
0.17
0.52
0.82
0.38
0.54
0.02
0.48
0.25
0.67
0.10
0.08
0.15
0.17
0.99
0.91
0.65
0.22
0.85
0.49
0.81
0.33
0.49
0.08
0.96
0.11
0.63
0.39
0.96
0.18
0.05
0.62
0.02
0.05
0.36
0.79
0.20
0.69
0.41
0.58
0.76
0.36
0.72
0.75
0.17
0.95
0.88
0.37
0.16
0.20
0.38
0.00
0.12
0.80
0.98
0.79
0.52
0.89
0.79
0.11
0.29
0.57
0.61
0.82
0.35
0.59
0.82
0.89
0.51
0.26
0.72
1.00
0.35
0.36
0.05
0.64
0.75
0.40
0.45
0.94
0.08
0.15
0.56
0.67
0.53
0.83
0.11
0.44
0.82
0.24
0.05
0.32
0.31
0.06
0.81
0.49
0.78
0.08
0.02
0.57
0.63
0.59
0.57
0.63
0.73
0.77
0.06
0.22
0.29
0.47
0.91
0.27
1.00
0.42
0.85
0.63
0.65
0.43
0.80
0.86
0.05
0.02
0.61
0.83
0.32
0.47
0.33
0.28
0.54
0.11
0.39
0.68
0.34
0.54
0.06
0.49
0.49
0.21
0.42
0.84
0.02
0.81
0.27
0.11
0.56
0.85
0.26
0.48
0.16
0.11
0.04
0.44
0.79
0.71
0.37
0.86
0.78
0.36
0.60
0.31
0.50
0.33
0.46
0.29
0.44
0.54
0.30
0.90
0.51
0.31
0.28
0.91
0.04
0.09
0.35
0.72
0.48
0.41
0.67
0.61
0.51
0.58
0.47
0.83
0.51
0.65
0.80
0.23
0.34
0.36
0.64
0.14
0.75
0.19
0.18
0.30
0.35
0.40
0.34
0.77
0.40
0.63
0.23
0.07
0.43
0.39
0.90
0.37
0.31
0.32
0.48
0.91
0.20
0.13
0.10
0.15
0.60
0.11
0.49
0.76
0.10
0.09
0.73
0.83
0.83
0.78
0.35
0.05
0.25
0.51
0.50
0.81
0.76
0.11
0.82
0.04
0.10
0.85
0.21
0.00
0.65
0.97
0.57
0.16
0.00
0.57
0.68
0.69
0.92
0.58
0.26
0.74
0.83
0.29
0.77
0.01
0.49
0.11
0.49
0.56
0.56
0.79
0.65
0.91
0.81
0.63
0.01
0.34
0.83
0.53
0.11
0.11
0.52
0.94
0.52
0.61
0.41
0.98
0.72
0.70
0.87
0.04
0.06
0.70
0.39
0.64
0.66
0.57
0.56
0.05
0.45
0.66
0.18
0.86
0.66
0.43
0.45
0.10
0.78
0.93
0.13
0.29
0.75
0.05
0.76
0.74
0.23
0.02
0.98
0.31
0.50
0.22
0.99
0.31
0.08
0.35
0.24
0.47
0.77
0.28
0.39
0.44
0.86
0.28
0.04
0.31
0.84
0.00
0.41
0.44
0.26
0.61
0.19
0.88
0.30
0.96
0.12
0.62
0.74
0.75
0.50
0.26
0.43
0.80
0.25
0.55
0.46
0.61
0.82
0.19
0.40
0.05
0.68
0.21
0.68
0.80
0.75
0.12
0.79
0.77
0.11
0.37
0.85
0.34
0.81
0.16
0.75
0.11
0.09
0.92
0.16
0.88
0.06
0.58
0.30
0.29
0.50
0.44
0.52
0.28
0.74
0.57
0.90
0.75
0.18
0.70
0.75
0.11
0.91
0.95
0.59
0.25
0.20
0.29
0.11
0.96
0.73
0.82
0.05
0.04
0.09
0.49
0.47
0.20
0.30
0.58
0.62
0.90
0.42
0.29
0.22
0.74
0.14
0.64
0.93
0.49
0.47
0.52
0.81
0.37
0.64
0.21
0.76
0.91
0.24
0.36
0.86
0.69
0.90
0.80
0.79
0.29
0.49
0.46
0.79
0.84
0.82
0.16
0.04
0.44
0.75
0.71
0.82
0.48
0.84
0.06
0.64
0.73
0.59
0.34
0.47
1.00
0.95
0.18
0.25
0.36
0.39
0.72
0.43
0.72
0.73
0.58
0.14
0.09
0.44
0.85
0.90
0.39
0.26
0.85
0.52
0.86
0.47
0.42
0.36
0.94
0.75
0.58
0.83
0.86
0.55
0.50
0.26
0.61
0.76
0.80
0.22
0.36
0.23
0.40
0.78
0.70
0.77
0.63
0.53
0.41
0.55
0.63
0.58
0.34
0.40
0.42
0.67
0.99
0.66
0.06
0.84
0.35
0.68
0.32
0.27
0.92
0.45
0.10
0.14
0.36
0.12
0.89
0.74
0.63
0.39
0.21
0.92
0.32
0.90
0.37
0.48
0.38
0.01
0.74
0.87
0.12
0.84
0.83
0.99
0.68
0.08
0.19
0.18
0.56
0.30
0.06
0.80
0.34
0.11
0.24
0.87
0.39
0.51
0.36
0.91
0.08
0.61
0.09
0.06
0.81
0.31
0.39
0.02
0.38
0.07
0.98
0.26
0.18
0.30
0.35
0.54
0.34
0.29
0.67
0.36
0.71
0.01
0.20
0.28
0.12
0.63
0.49
0.05
0.16
0.24
0.84
0.61
0.96
0.49
0.16
0.31
0.09
0.35
0.02
0.74
0.16
0.47
0.24
0.82
0.69
0.77
0.12
0.72
0.40
0.89
0.87
0.44
0.68
0.74
0.38
0.99
0.51
0.08
0.69
0.85
0.98
0.23
0.28
0.10
0.03
0.50
0.66
0.84
0.83
0.79
0.31
0.72
0.58
0.16
0.55
0.17
0.86
0.82
0.66
0.16
0.92
0.44
0.36
0.31
0.09
0.79
0.83
0.23
0.86
0.34
0.49
0.02
0.14
0.66
0.49
0.31
0.23
0.60
0.17
0.91
0.45
0.07
0.82
0.22
0.69
0.77
0.53
0.88
0.99
0.34
0.67
0.37
0.62
0.71
0.05
0.02
0.87
0.35
0.80
0.29
0.83
0.67
0.30
0.09
0.68
0.93
0.24
0.38
0.94
0.72
0.85
0.24
0.89
0.20
0.12
0.44
0.32
0.93
0.05
0.87
0.46
0.50
0.69
0.44
0.43
0.86
0.68
0.15
0.33
0.84
0.38
0.12
0.19
0.54
0.84
0.42
0.14
0.59
0.97
0.69
0.23
0.18
0.67
0.89
0.59
0.00
0.20
0.92
0.15
0.32
0.19
0.23
0.62
0.95
0.84
0.51
0.07
0.21
0.30
0.65
0.68
0.25
0.01
0.03
0.66
0.32
0.38
0.53
0.60
0.28
0.76
0.37
0.45
0.98
0.42
0.14
0.94
0.78
0.69
0.94
0.99
0.83
0.99
0.93
0.03
0.73
0.95
0.98
0.06
0.86
0.10
0.83
0.21
0.97
0.67
0.26
0.27
0.98
0.19
0.83
0.21
0.77
0.98
0.65
0.66
0.60
1.00
0.95
0.16
0.19
0.27
0.40
0.24
0.37
0.10
0.33
0.77
0.04
0.30
0.01
0.38
0.57
0.44
0.97
0.48
0.62
0.04
0.69
0.41
0.64
0.38
0.14
0.09
0.56
0.10
0.72
0.13
0.00
0.41
0.49
0.71
0.96
0.88
0.54
0.81
0.57
0.51
0.27
0.92
0.60
0.98
0.76
0.75
0.33
0.84
0.29
0.66
0.34
0.00
0.56
0.22
0.97
0.62
0.05
0.28
0.54
0.49
0.49
0.60
0.53
0.60
0.32
0.50
0.94
0.84
0.34
0.85
0.81
0.23
0.97
0.50
0.89
0.49
0.74
0.45
0.90
0.45
0.84
0.96
0.15
0.98
0.06
0.51
0.50
0.11
0.10
0.73
0.66
0.44
0.75
0.44
0.82
0.06
0.94
0.45
0.27
0.62
0.09
0.60
0.15
0.09
0.65
0.79
0.60
0.60
0.60
0.38
0.06
0.84
0.69
0.30
0.66
0.17
0.97
0.84
0.82
0.10
0.61
0.07
0.32
0.98
0.89
0.98
0.30
0.71
0.41
0.56
0.17
0.86
0.29
0.99
0.74
0.45
0.56
0.39
0.68
0.41
0.61
0.63
0.90
0.64
0.01
0.11
0.61
0.75
0.17
0.14
0.37
0.36
0.12
0.26
0.57
0.90
0.66
0.00
0.77
0.62
0.59
0.80
0.75
0.73
0.95
0.34
0.89
0.88
0.41
0.03
0.48
0.07
0.99
0.33
0.44
0.25
0.16
0.28
0.95
0.34
0.35
0.37
0.48
0.15
0.42
0.81
0.11
0.99
0.97
0.67
0.38
0.69
0.55
0.49
0.33
0.82
0.36
0.67
0.17
0.08
0.65
0.97
0.31
0.12
0.89
0.40
0.60
0.43
0.84
0.69
0.52
0.34
0.96
0.17
0.20
0.41
0.57
0.19
0.08
0.95
0.54
0.92
0.51
0.44
0.73
0.72
0.94
0.93
0.47
0.71
0.06
0.01
0.12
0.01
0.89
0.29
0.96
0.75
0.34
0.76
0.81
0.61
0.89
0.52
0.64
0.25
0.06
0.03
0.00
0.37
0.92
0.97
0.17
0.06
0.40
0.74
0.94
0.33
0.52
0.59
0.11
0.37
0.37
0.89
0.35
0.73
0.05
0.68
0.73
0.51
0.44
0.90
0.06
0.33
0.39
0.08
0.26
0.76
0.12
0.01
1.00
0.02
0.02
0.14
0.19
0.34
0.68
0.04
0.53
0.94
0.61
0.30
0.26
0.74
0.37
0.32
0.56
0.12
0.97
0.38
0.35
0.32
0.77
0.42
0.00
0.02
0.53
0.67
0.33
0.33
0.23
0.09
0.22
0.80
0.40
0.97
0.71
0.87
0.76
0.96
0.71
0.31
0.31
0.14
0.72
0.23
0.17
0.21
0.64
0.44
0.65
0.32
0.16
0.72
0.68
0.31
0.73
0.09
0.82
0.80
0.18
0.43
0.13
0.42
0.74
0.17
0.19
0.11
0.17
0.17
0.74
0.25
0.33
0.77
0.92
0.70
0.16
0.79
0.36
0.35
0.46
0.80
0.01
0.68
0.60
0.48
0.70
0.20
0.86
0.94
0.54
0.36
0.16
0.57
0.74
0.01
0.40
0.79
0.27
0.15
0.61
0.36
0.68
0.93
0.90
0.99
0.29
0.22
0.63
0.11
0.94
0.26
0.85
0.22
0.17
0.83
0.90
0.90
0.89
0.39
0.54
0.39
0.36
0.40
0.32
0.32
0.01
0.25
0.15
0.78
0.93
0.71
0.31
0.67
0.25
0.81
0.12
0.34
0.93
0.33
0.83
0.02
0.25
0.39
0.80
0.82
0.04
0.39
0.34
0.13
0.43
0.66
0.77
0.17
0.89
0.51
0.33
0.36
0.13
0.84
0.69
0.22
0.64
0.91
0.80
0.06
0.66
0.66
0.82
0.14
0.08
0.97
0.85
0.06
0.32
0.53
0.62
0.28
0.90
0.76
0.08
0.78
0.83
0.54
0.16
0.53
0.98
0.87
0.39
0.76
0.09
0.23
0.09
0.52
0.52
0.10
0.64
0.06
0.58
0.83
0.47
0.76
0.94
0.12
0.29
0.17
0.33
0.20
0.27
0.65
0.20
0.20
0.73
0.89
0.02
0.51
0.05
0.64
0.07
0.53
0.01
0.45
0.24
0.38
0.31
0.41
0.51
0.93
0.06
0.82
0.40
0.38
0.06
0.32
0.99
0.99
0.33
0.20
0.98
0.86
0.72
0.04
0.49
0.53
0.08
0.09
0.26
0.40
0.54
0.61
0.42
0.15
0.63
0.66
0.67
0.98
0.33
0.13
0.18
0.32
0.68
0.01
0.38
0.76
0.12
0.19
0.24
0.66
0.39
0.27
0.83
0.02
0.31
0.47
0.43
0.96
0.81
0.71
0.98
0.65
0.58
0.99
0.16
0.96
0.72
0.57
0.02
0.45
0.15
0.73
0.93
0.13
0.18
0.51
0.47
0.68
0.43
0.70
0.31
0.67
0.69
0.04
0.36
0.11
0.78
0.38
0.70
0.09
0.54
0.84
0.62
0.65
0.84
0.33
0.02
0.88
0.61
0.51
0.89
0.73
0.21
0.49
0.57
0.20
0.88
0.81
0.69
0.55
0.33
0.62
0.53
0.10
0.07
0.16
0.62
0.12
0.20
0.04
0.45
0.89
0.79
0.40
0.71
0.57
0.72
0.38
0.96
0.18
0.98
0.41
0.70
0.62
0.26
0.82
0.40
0.20
0.89
0.64
0.78
0.95
0.25
0.87
0.37
0.24
0.02
0.92
0.75
0.32
0.53
0.25
0.79
0.82
0.42
0.00
0.72
0.02
0.44
0.30
0.15
0.02
0.78
0.50
0.32
0.23
0.87
0.10
0.65
0.82
0.07
0.86
0.81
0.71
0.44
0.34
0.16
0.81
0.94
0.07
0.17
0.77
0.53
0.70
0.12
0.81
0.51
0.58
0.05
0.46
0.26
0.29
0.65
1.00
0.64
0.79
0.42
0.14
0.90
0.90
0.68
0.49
0.26
0.13
0.21
0.88
0.16
0.60
0.66
0.10
0.17
0.18
0.49
0.36
0.37
0.13
0.61
0.85
0.44
0.97
0.19
0.42
0.51
0.39
0.72
0.87
0.82
0.83
0.79
0.38
0.04
0.08
0.34
0.42
0.71
0.02
0.58
0.25
0.69
0.89
0.99
0.41
0.32
0.79
0.21
0.48
0.84
0.77
0.10
0.12
0.05
0.08
0.95
0.13
0.08
0.88
0.14
0.77
0.25
0.18
0.31
0.83
0.17
0.89
0.18
0.43
0.44
0.60
0.33
0.78
0.54
0.77
0.58
0.62
0.06
0.97
0.23
0.01
0.76
0.64
0.28
0.91
0.60
0.62
0.59
0.95
0.27
0.73
0.92
0.20
0.23
0.28
0.56
0.62
0.90
0.93
0.86
0.27
0.92
0.52
0.63
0.88
0.79
0.66
0.93
0.62
0.16
0.85
0.20
0.24
0.13
0.79
0.89
0.66
0.68
0.89
0.70
0.40
0.94
0.72
0.33
0.18
0.47
0.09
0.89
0.44
0.39
0.13
0.40
0.33
0.28
0.40
0.92
0.21
0.56
0.53
0.60
0.56
0.08
0.27
0.52
0.59
0.51
0.08
0.50
0.80
0.81
0.05
0.12
0.59
0.54
0.02
0.89
0.90
0.69
0.39
0.27
0.89
0.73
0.75
0.75
0.90
0.17
0.05
0.09
0.57
0.67
0.55
0.28
0.84
0.83
0.24
0.12
0.04
0.91
0.98
0.08
0.12
0.23
0.30
0.11
0.87
0.57
0.41
0.29
0.93
0.02
0.73
0.14
0.95
0.98
0.40
0.38
0.96
0.45
0.07
0.15
0.85
0.27
0.66
0.24
0.47
0.16
0.34
0.18
0.05
0.01
0.53
0.53
0.13
0.35
0.98
0.45
0.27
0.26
0.36
0.14
0.62
0.92
0.39
0.28
0.50
0.27
0.63
0.06
0.79
0.44
0.72
0.09
0.82
0.04
0.13
0.48
0.54
0.19
0.84
0.51
0.50
0.68
0.82
0.98
0.82
0.00
0.50
0.14
0.98
0.47
0.46
0.16
0.04
0.43
0.24
0.47
0.82
0.66
0.40
0.86
0.55
0.75
0.98
0.66
0.43
0.45
0.59
0.12
0.16
0.32
0.83
0.20
0.69
0.10
0.66
0.82
0.66
0.73
0.01
0.17
0.99
0.59
0.43
0.51
0.04
0.79
0.26
0.17
0.21
0.39
0.39
0.30
0.04
0.44
0.59
0.93
0.41
0.23
0.10
0.36
0.09
0.91
0.82
0.65
0.22
0.55
0.54
0.41
0.48
0.03
0.76
0.66
1.00
0.41
0.28
0.02
0.40
0.58
0.23
0.29
0.53
0.78
0.71
0.12
0.01
0.20
0.86
0.42
0.98
0.69
0.61
0.02
0.63
0.48
0.88
0.15
0.13
0.00
0.44
0.57
0.46
0.44
0.99
1.00
0.16
0.03
0.43
0.42
0.43
0.97
0.37
0.53
0.67
0.61
0.39
0.30
0.17
0.69
0.52
0.98
0.11
0.13
0.05
0.02
0.66
0.61
0.28
0.22
0.52
0.81
0.00
0.26
0.53
0.20
0.07
1.00
0.55
0.94
0.79
0.24
0.66
0.95
0.37
0.80
0.67
0.07
0.25
0.11
0.04
0.14
0.07
0.07
0.04
0.50
0.20
0.83
0.65
0.61
0.80
0.57
0.01
0.67
0.81
0.34
0.95
0.38
0.24
0.38
0.12
0.01
0.98
0.66
0.81
0.04
0.68
0.37
0.16
0.16
0.68
0.66
0.22
0.82
0.77
0.58
0.89
0.94
0.36
0.31
0.98
0.55
0.38
0.31
0.46
0.75
0.59
0.70
0.60
0.89
0.00
0.74
0.14
0.51
0.31
0.84
0.38
0.06
0.42
0.33
0.70
0.05
0.52
0.35
0.67
0.67
0.57
0.97
0.56
0.01
0.26
0.44
0.25
0.56
0.59
0.00
0.14
0.43
0.86
0.81
0.93
0.51
0.52
0.29
0.08
0.34
0.24
0.22
0.21
0.76
0.19
0.25
0.76
0.98
1.00
0.46
0.99
0.67
0.30
0.44
0.73
0.91
0.52
0.37
0.89
0.29
0.06
0.28
0.49
0.40
0.03
0.99
0.80
0.37
0.78
0.74
0.31
0.96
0.25
0.67
0.81
0.65
0.64
0.81
0.58
0.06
0.90
0.98
0.83
0.83
0.61
0.58
0.72
0.38
0.75
0.17
0.91
0.66
0.62
0.13
0.12
0.03
0.36
0.99
0.48
0.36
0.82
0.75
0.58
0.86
0.90
0.46
0.18
0.07
0.74
0.14
0.39
0.72
0.07
0.06
0.86
0.31
0.72
0.62
0.63
0.97
0.69
0.37
0.82
0.92
0.91
0.81
0.04
0.90
0.36
0.13
0.33
0.34
0.75
0.66
0.46
0.51
0.85
0.65
0.50
0.27
0.24
0.08
0.49
0.49
0.44
0.57
0.91
0.09
0.51
0.56
0.23
0.47
0.20
0.73
0.61
0.39
0.05
0.10
0.04
0.31
0.61
0.74
0.29
0.05
0.26
0.65
0.20
0.03
0.92
0.11
0.12
0.54
0.65
0.18
0.11
0.39
0.78
0.28
0.07
0.38
0.21
0.76
0.82
0.02
0.58
0.01
0.14
0.88
0.18
0.20
0.83
0.68
0.02
0.88
0.92
0.43
0.62
0.50
0.59
0.40
0.62
0.60
0.27
0.64
0.46
0.51
0.73
0.65
0.75
0.84
0.35
0.18
0.23
0.78
0.18
0.89
0.83
0.86
0.24
0.89
0.52
0.92
0.51
0.85
0.72
0.29
0.42
0.93
0.02
0.55
0.44
0.79
0.62
0.77
0.77
0.14
0.59
0.05
0.32
0.56
0.53
0.44
0.10
0.82
0.57
0.27
0.73
0.15
0.70
0.30
0.58
0.23
0.57
0.14
0.09
0.27
0.94
0.60
0.08
0.97
0.91
0.05
0.27
0.44
0.90
0.28
0.01
0.30
0.78
0.86
0.89
0.14
0.65
0.79
0.14
0.16
0.67
0.79
0.34
0.56
0.27
0.25
0.05
0.35
0.78
0.25
0.65
0.16
0.55
0.88
0.97
0.63
0.48
0.25
0.27
0.92
0.78
0.13
0.12
0.63
0.03
0.02
0.49
0.01
0.28
0.90
0.94
0.96
0.16
0.34
0.03
0.48
0.91
0.87
0.69
0.54
0.18
0.11
0.00
0.54
0.67
0.71
0.22
0.09
0.33
0.26
0.49
0.15
0.90
0.80
0.69
0.88
0.82
0.43
0.99
0.46
0.88
0.81
0.12
0.01
0.09
0.03
0.25
0.52
0.46
0.08
0.85
0.79
0.36
0.50
0.47
0.69
0.42
0.38
0.93
0.51
0.00
0.32
0.63
0.16
0.67
0.61
0.51
0.98
0.34
0.52
0.35
0.30
0.67
0.09
0.08
0.19
0.43
0.91
0.81
0.35
0.78
0.68
0.55
0.94
0.71
0.93
0.40
0.47
0.74
0.56
0.35
0.92
0.52
0.44
0.44
0.81
0.22
0.01
0.10
0.22
0.03
0.80
0.24
0.69
0.22
0.24
0.87
0.41
0.68
0.61
0.46
0.85
0.86
0.33
0.65
0.04
0.51
0.40
0.42
0.41
0.70
0.93
0.78
0.19
0.10
0.31
0.08
0.38
0.33
0.33
0.75
0.83
0.40
0.61
0.25
0.82
0.81
0.06
0.31
0.01
0.27
0.97
0.35
0.53
0.65
0.33
0.10
0.15
0.31
0.70
0.41
0.87
0.28
0.96
0.60
0.75
0.18
0.78
0.12
0.94
0.68
0.31
0.76
0.45
0.34
0.67
0.76
0.85
0.12
0.95
0.09
0.98
0.18
0.16
0.48
0.21
0.83
0.51
0.57
0.28
0.42
0.13
0.05
0.52
0.72
0.52
0.72
0.82
0.64
0.20
0.94
0.80
0.52
0.83
0.89
0.76
0.47
0.90
0.58
0.42
0.19
0.60
0.48
0.49
0.39
0.83
0.70
0.48
0.41
0.05
0.21
0.08
0.25
0.85
0.99
0.29
0.61
0.52
0.54
0.76
0.02
0.98
0.80
0.42
0.19
0.48
0.62
0.55
0.65
0.25
0.49
0.54
0.71
0.86
0.38
0.87
0.81
0.12
0.90
0.04
0.02
0.89
0.40
0.85
1.00
0.79
0.63
0.84
0.49
0.55
0.53
0.11
0.64
0.52
0.45
0.88
0.32
0.35
0.72
0.90
0.35
0.96
0.11
0.56
0.77
0.33
0.94
0.75
0.78
0.10
0.98
0.70
0.22
0.14
0.66
0.95
0.87
0.15
0.06
0.55
0.55
0.29
0.86
0.47
0.94
0.30
0.07
0.11
0.96
0.86
0.55
0.27
0.62
0.70
0.47
0.27
0.05
0.57
0.20
0.08
0.11
0.99
0.33
0.21
0.91
0.67
0.25
0.84
0.24
0.32
0.29
0.46
0.71
0.71
0.74
0.40
0.54
0.78
0.87
0.70
0.38
0.19
1.00
0.73
0.12
0.77
1.00
0.32
0.37
0.65
0.15
0.45
0.87
0.79
0.10
0.70
0.21
0.66
0.01
0.36
0.89
0.75
0.88
0.97
0.72
0.34
0.30
0.26
0.43
0.09
0.11
0.38
0.48
0.13
0.23
0.13
0.28
0.72
0.75
0.49
0.56
0.37
0.11
0.08
0.55
0.70
0.52
0.70
0.55
0.38
0.06
0.49
0.54
0.62
0.46
0.18
0.95
0.88
0.00
0.74
0.32
0.60
0.52
0.69
0.24
0.77
0.83
0.09
0.14
0.84
0.69
0.94
0.95
0.84
0.23
0.82
0.72
0.36
0.88
0.90
0.73
0.41
0.64
0.14
0.77
0.80
0.49
0.13
0.97
0.04
0.63
0.43
0.78
0.69
0.42
0.13
0.43
0.60
0.10
0.15
0.64
0.15
0.11
0.80
0.76
0.23
0.92
0.45
0.77
0.90
0.46
0.37
0.86
0.54
0.51
0.25
0.90
0.04
0.79
0.18
0.39
0.58
0.65
0.55
0.59
0.18
0.26
0.49
0.79
0.26
0.85
0.24
0.98
0.76
0.33
0.56
0.09
0.97
0.61
0.17
0.92
0.81
0.67
0.67
0.74
0.59
0.90
0.97
0.52
0.45
0.43
0.35
0.78
0.98
0.46
0.07
0.18
0.61
0.15
0.38
0.32
0.65
0.94
0.41
0.65
0.22
0.89
0.09
0.97
0.23
0.55
0.34
0.37
0.50
0.72
0.22
0.54
0.49
0.37
0.13
0.71
0.41
0.39
0.23
0.47
0.47
0.17
0.44
0.16
0.36
0.94
0.94
0.42
0.97
0.41
0.65
0.15
0.34
0.98
0.34
0.53
0.97
0.64
0.81
0.16
0.62
0.94
0.16
0.35
0.64
0.85
0.83
0.95
0.86
0.76
0.68
0.62
0.16
0.89
0.50
0.94
0.04
0.87
0.78
0.97
0.15
0.55
0.27
0.17
0.42
0.44
0.27
0.08
0.08
0.46
0.40
0.48
0.95
0.47
0.71
0.95
0.40
0.35
0.08
0.17
0.03
0.61
0.75
0.76
0.42
0.48
0.58
0.83
0.04
0.17
0.18
0.06
0.73
0.94
0.94
0.84
0.39
0.98
0.27
0.44
0.26
1.00
0.17
0.28
0.28
0.77
0.84
0.63
0.31
0.07
0.90
0.33
0.19
0.44
0.18
0.32
0.69
0.53
0.82
0.79
0.05
0.50
0.74
0.42
0.57
0.36
0.44
0.54
0.79
0.28
0.17
0.06
0.36
0.36
0.25
0.94
0.07
0.76
0.55
0.43
0.04
0.73
0.68
0.98
0.47
0.71
0.09
0.12
0.73
0.58
0.77
0.13
0.74
0.20
0.43
0.01
0.85
0.27
0.35
0.17
0.45
0.40
0.93
0.45
0.68
0.28
0.16
0.75
0.47
0.37
0.21
0.67
0.73
0.16
0.96
0.13
0.45
0.76
0.80
0.02
0.13
0.48
0.52
0.11
0.82
0.16
0.72
0.14
0.80
0.52
0.38
0.05
0.62
0.11
0.94
0.40
0.98
0.64
0.21
0.04
0.87
0.56
0.15
0.94
0.31
0.45
0.71
0.94
0.74
0.19
0.39
0.77
0.08
0.68
0.51
0.30
0.59
0.13
0.01
0.21
0.95
0.64
0.03
0.14
0.32
0.81
0.46
0.97
0.13
0.33
0.92
0.68
0.03
0.92
0.78
0.29
0.18
0.57
0.78
0.84
0.95
0.36
0.63
0.33
0.94
0.33
0.34
0.26
0.92
0.50
0.16
0.02
0.14
0.48
0.69
0.95
0.88
0.30
0.87
0.72
0.90
0.26
0.69
0.18
0.30
0.51
0.73
0.23
0.69
0.51
0.69
0.64
0.54
0.68
0.56
0.16
0.40
0.70
0.28
0.47
0.67
0.46
0.83
0.21
0.09
0.30
0.04
0.15
0.36
0.05
0.98
0.06
0.40
0.48
0.77
0.54
0.73
0.73
0.71
0.15
0.67
0.53
0.61
0.59
0.39
0.02
0.48
0.72
0.37
0.03
0.03
0.55
0.47
0.77
0.79
0.29
0.89
0.97
0.18
0.41
0.84
0.53
0.93
0.79
0.83
0.42
0.61
0.77
0.88
0.39
0.11
0.89
0.54
0.12
0.69
0.10
0.19
0.23
0.55
0.99
0.87
0.23
0.83
0.39
0.57
0.20
0.49
0.79
0.86
0.51
0.40
0.26
0.03
0.46
0.34
0.09
0.39
0.68
0.03
0.15
0.31
0.75
0.98
0.02
0.41
0.42
0.76
0.09
0.03
0.81
0.81
0.73
0.09
0.93
0.13
0.15
0.14
0.41
0.54
0.52
0.25
0.18
0.49
0.61
0.43
0.93
0.23
0.17
0.79
0.99
0.39
0.20
0.77
0.81
0.30
0.27
0.54
0.84
0.93
0.04
0.24
0.26
0.30
0.96
0.84
0.97
0.57
0.70
0.09
0.19
0.38
0.03
0.23
0.94
0.39
0.91
0.36
0.85
0.52
0.84
0.32
0.86
0.77
0.49
0.64
0.70
0.90
0.56
0.61
0.27
0.42
0.88
0.04
0.55
0.28
0.70
0.75
0.96
0.95
0.15
0.09
0.13
0.66
0.24
0.91
0.82
0.31
0.47
0.12
0.54
0.23
0.04
0.36
0.38
0.10
0.70
0.78
0.10
0.68
0.57
0.00
1.00
0.49
0.60
0.74
0.97
0.65
0.35
0.45
0.20
0.08
0.63
0.75
0.55
0.76
0.99
0.87
0.28
0.11
0.89
0.06
0.20
0.40
0.66
0.03
0.06
0.17
0.16
0.80
0.44
0.63
0.17
0.38
0.50
0.48
0.06
0.30
0.96
0.13
0.68
0.42
0.67
0.42
0.33
0.23
0.50
0.43
0.75
0.93
0.45
0.39
0.87
0.80
0.10
0.41
0.90
0.06
0.09
0.85
0.27
0.81
0.41
0.09
0.47
0.03
0.64
0.27
0.00
0.89
0.42
0.92
0.96
0.88
0.05
0.19
0.67
0.48
0.17
0.96
0.28
0.46
0.47
0.02
0.40
0.69
0.44
0.92
0.52
0.88
0.72
0.58
0.40
0.74
0.53
0.45
0.63
0.82
0.73
0.41
0.33
0.57
0.67
0.98
0.60
0.06
0.81
0.25
0.79
0.67
0.31
0.50
0.59
0.21
0.66
0.84
0.15
0.56
0.89
0.48
0.13
0.28
0.37
0.33
0.58
0.44
0.08
0.39
0.20
0.00
0.52
0.10
0.54
0.54
0.70
0.15
0.38
0.46
0.04
0.57
0.13
0.26
0.49
0.07
0.92
0.67
0.69
0.27
0.51
0.04
0.66
0.46
0.69
0.96
0.92
0.54
0.01
0.80
0.47
0.85
0.99
0.26
0.50
0.11
0.21
0.37
0.18
0.62
0.83
0.77
0.59
0.38
0.78
0.18
0.17
0.83
0.32
0.26
0.68
0.14
0.80
0.24
0.33
0.36
0.14
0.05
0.79
0.87
0.19
0.21
0.23
0.16
0.45
0.17
0.70
0.04
0.92
0.10
0.97
0.12
0.08
0.61
0.42
0.48
0.11
0.15
0.95
0.03
0.26
0.97
0.09
0.90
0.10
0.60
0.78
0.67
0.23
0.35
0.82
0.18
0.99
0.86
0.61
0.77
0.55
0.60
0.20
0.98
0.69
0.91
0.43
0.88
0.04
0.66
0.18
0.40
0.22
0.41
0.99
0.91
0.56
0.54
0.93
0.97
0.15
0.74
0.39
0.27
0.77
0.87
0.41
0.47
0.40
0.71
0.84
0.56
0.99
0.90
0.84
0.59
0.97
0.14
0.16
0.04
0.00
0.02
0.07
0.97
0.48
0.60
0.33
0.80
0.36
0.40
0.81
0.26
0.51
0.92
0.95
0.01
0.85
0.22
0.89
0.73
0.09
0.35
0.50
0.03
0.88
0.41
0.05
0.80
0.00
0.64
0.18
0.96
0.89
0.66
0.64
0.81
0.01
0.33
0.53
0.77
0.65
0.49
0.73
0.40
0.15
0.42
0.54
0.78
0.08
0.77
0.63
0.25
0.86
0.33
0.22
0.40
0.46
0.89
0.20
0.15
0.90
0.65
0.43
0.28
0.88
0.85
0.97
0.08
0.70
0.43
0.90
0.40
0.76
0.88
0.84
0.83
0.33
0.84
0.33
0.72
0.22
0.96
0.39
0.62
0.40
0.15
0.57
0.67
0.70
0.29
0.01
0.22
0.92
0.04
0.10
0.79
0.68
0.33
0.09
0.57
0.71
0.64
0.01
0.63
0.01
0.11
0.52
0.00
0.33
0.57
0.10
0.00
0.92
0.03
0.34
0.62
0.51
0.21
0.91
0.26
0.87
0.63
0.26
0.83
0.71
0.94
0.00
0.46
0.76
0.44
0.93
0.36
0.55
0.39
0.04
0.09
0.61
0.67
1.00
0.67
0.83
0.65
0.43
0.33
0.13
0.05
0.36
0.54
0.93
0.08
0.60
0.60
0.52
0.14
0.37
0.08
0.69
0.08
0.31
0.60
0.71
0.64
0.03
0.63
0.59
0.51
0.93
0.82
0.56
0.47
0.11
0.70
0.92
0.03
1.00
0.65
0.93
0.52
0.44
0.68
0.09
0.39
0.72
0.47
0.36
0.77
0.58
0.88
0.89
0.03
0.47
0.89
0.45
0.34
0.65
0.35
0.15
0.07
0.22
0.84
0.61
0.98
0.85
0.38
0.94
0.24
0.09
0.72
0.10
0.92
0.05
0.68
0.28
0.72
0.92
0.32
0.71
0.50
0.41
0.20
0.67
0.58
0.92
0.89
0.93
0.42
0.34
0.04
0.28
0.01
0.96
0.78
0.19
0.99
0.88
0.67
0.53
0.88
0.38
0.51
0.98
0.24
0.53
0.02
0.29
0.95
0.60
0.18
0.79
0.29
0.34
0.20
0.65
0.65
0.17
0.36
0.03
0.34
0.15
0.87
0.73
0.79
0.33
0.93
0.17
0.99
0.06
0.66
0.87
0.26
0.91
0.71
0.00
0.85
0.65
0.67
0.85
0.20
0.18
0.84
0.31
0.24
0.74
0.24
0.04
0.97
0.40
0.11
0.56
0.86
0.99
0.49
0.85
0.78
0.59
0.23
0.73
0.87
0.67
0.08
0.65
0.02
0.67
0.41
0.54
0.96
0.37
0.01
0.63
0.67
0.32
0.75
0.53
0.16
0.61
0.04
0.09
0.36
0.04
0.17
0.94
0.56
0.60
0.84
0.96
0.39
0.35
0.42
0.27
0.76
0.64
0.21
0.07
0.66
0.58
0.92
0.39
0.01
0.34
0.12
0.27
0.70
0.35
0.68
0.51
0.39
0.91
0.24
0.95
0.82
0.87
0.79
0.96
0.75
0.16
0.36
0.45
0.55
0.21
0.87
0.87
0.08
0.96
0.13
0.25
0.04
0.65
0.42
0.31
0.10
0.37
0.14
0.80
0.88
0.91
0.81
0.41
0.29
0.00
0.40
0.64
0.39
0.59
0.47
0.21
0.52
0.35
0.95
0.27
1.00
0.41
0.98
0.04
0.61
0.30
0.43
0.77
0.01
0.03
0.99
0.41
0.35
0.12
0.91
0.37
0.37
0.48
0.34
0.41
0.07
0.55
0.72
0.55
0.72
0.12
0.24
0.74
0.14
0.46
0.93
0.69
0.11
0.51
0.04
0.16
0.52
0.84
0.93
0.46
0.26
0.05
0.49
0.10
0.14
0.12
0.66
0.61
0.51
0.21
0.55
0.04
0.35
0.51
0.35
0.43
0.67
0.79
0.20
0.12
0.80
0.20
0.29
0.50
0.79
0.62
0.77
0.81
0.67
0.17
0.99
0.76
0.69
0.30
0.66
0.90
0.79
0.59
0.94
0.24
0.08
0.40
0.87
0.05
0.28
0.78
0.81
0.37
0.80
0.73
0.33
0.52
0.97
0.62
0.29
0.05
0.82
0.92
0.09
0.17
0.85
0.93
0.75
0.01
0.43
0.03
0.45
0.99
0.33
0.58
0.91
0.38
0.87
0.89
0.74
0.18
0.60
0.97
0.29
0.18
0.58
0.17
0.50
0.81
0.17
0.68
0.43
0.11
0.30
0.89
0.55
0.01
0.67
0.69
0.41
0.91
0.91
0.10
0.24
0.01
0.83
0.34
0.79
0.55
1.00
0.28
0.29
0.00
0.63
0.29
0.46
0.51
0.94
