0.65
0.24
0.42
0.30
0.16
0.19
0.10
0.31
0.76
0.78
0.21
0.96
0.47
0.95
0.37
0.15
0.28
0.56
0.02
0.71
0.87
0.70
0.59
0.09
0.84
0.41
0.52
0.74
0.70
0.47
0.01
0.22
0.27
0.23
0.86
0.53
0.60
0.92
0.59
0.18
0.33
0.12
0.51
0.73
0.86
0.91
0.52
0.71
0.50
0.31
0.39
0.44
0.22
0.46
0.23
0.24
0.11
0.21
0.68
0.93
0.18
0.01
0.78
0.82
0.95
0.72
0.20
0.11
0.86
0.70
0.65
0.16
0.60
0.56
0.44
0.69
0.79
0.22
0.73
0.71
0.96
0.52
0.72
0.78
0.95
0.21
0.01
0.87
0.73
0.04
0.60
0.69
0.14
0.18
0.19
0.29
0.71
0.21
0.99
0.65
0.94
0.95
0.00
0.90
0.72
0.11
0.95
0.89
0.34
0.10
0.07
0.29
0.84
0.84
0.65
0.44
0.61
0.91
0.90
0.83
0.93
0.09
0.92
0.24
0.62
0.05
0.06
0.38
0.51
0.22
0.61
0.76
0.97
0.33
0.33
0.21
0.58
0.36
0.85
0.73
0.20
0.67
0.98
0.10
0.52
0.46
0.35
0.07
0.25
0.85
0.95
0.92
0.63
0.16
0.61
0.07
0.39
0.31
0.91
0.69
0.96
0.51
0.95
0.60
0.50
0.54
0.66
0.28
0.96
0.41
0.58
0.54
0.72
0.73
0.44
0.07
0.86
0.97
0.96
0.09
0.58
0.97
0.02
0.36
0.47
0.18
0.74
0.74
0.10
0.44
0.14
0.01
0.54
0.40
0.58
0.84
0.36
0.70
0.12
0.43
0.97
0.24
0.26
0.75
0.28
0.07
0.55
0.56
0.84
0.22
0.85
0.36
0.02
0.13
0.63
0.48
0.69
0.32
0.28
0.98
0.49
0.75
0.96
0.70
0.70
0.95
0.10
0.73
0.70
0.64
0.49
0.01
0.33
0.90
0.14
0.63
0.73
0.43
0.50
0.89
0.53
0.07
0.22
0.60
0.65
0.30
0.05
0.31
0.20
0.83
0.57
0.35
0.25
0.51
0.16
0.32
0.31
0.82
0.49
0.26
0.10
0.49
0.89
0.75
0.38
0.36
0.71
0.51
0.96
0.19
0.71
0.98
0.72
0.15
0.67
0.98
0.23
0.22
0.19
0.48
0.43
0.57
0.83
0.18
0.38
0.54
0.78
0.34
0.47
0.44
0.65
0.38
0.14
0.02
0.30
0.45
0.63
0.52
0.06
0.05
0.22
0.20
0.73
0.10
0.08
0.59
0.15
0.87
0.47
0.91
0.99
0.19
0.96
0.01
0.13
0.83
0.68
0.52
0.81
0.67
0.48
0.70
0.28
0.50
0.76
0.78
0.72
0.05
0.39
0.31
0.52
0.68
0.67
0.43
0.58
0.54
0.48
0.14
0.29
0.39
0.74
0.40
0.09
0.43
0.29
0.88
0.43
0.21
1.00
0.62
0.77
0.49
0.27
0.66
0.13
0.74
0.81
0.35
0.07
0.17
0.83
0.69
0.95
0.73
0.16
0.94
0.94
0.22
0.13
0.93
0.52
0.65
0.45
0.55
0.15
0.76
0.96
0.64
0.80
0.37
0.38
0.43
0.31
0.31
0.92
0.80
0.93
0.14
0.42
0.67
0.09
0.81
0.52
0.14
0.98
0.89
0.46
0.19
0.42
0.06
0.30
0.33
0.18
0.70
0.05
0.76
0.43
0.17
0.86
0.91
0.11
0.84
0.01
0.32
0.64
0.43
0.70
0.16
0.64
0.64
0.41
0.65
0.88
0.64
0.24
0.37
0.05
0.53
0.30
0.08
0.94
0.56
0.68
0.35
0.71
0.69
0.28
0.17
0.36
0.49
0.76
0.62
0.11
0.89
0.39
0.82
0.18
0.03
0.13
0.14
0.74
0.17
0.36
0.31
0.44
0.96
0.46
0.63
0.52
0.37
0.41
0.94
0.24
0.31
0.84
0.68
0.74
0.86
0.08
0.19
0.04
0.63
0.98
0.92
0.34
0.42
0.94
0.77
0.29
0.87
0.43
0.48
0.45
0.42
0.20
0.68
0.99
0.33
0.89
0.58
0.30
0.28
0.26
0.92
0.69
0.30
0.32
0.74
0.36
0.93
0.09
0.47
0.51
0.74
0.46
0.96
0.34
0.64
0.54
0.55
0.17
0.62
0.24
0.54
0.37
0.86
0.63
0.92
0.76
0.37
0.77
0.90
0.41
0.02
0.24
0.46
0.83
0.72
0.95
0.54
0.95
0.48
0.69
0.58
0.19
0.90
0.36
0.24
0.99
0.56
0.12
0.76
0.56
0.86
0.15
0.26
0.16
0.08
0.53
0.04
0.90
0.72
0.29
0.56
0.51
0.67
0.85
0.13
0.66
0.68
0.71
0.70
0.92
0.36
0.32
0.38
0.27
0.67
0.53
0.40
0.09
0.08
0.11
0.43
0.34
0.15
0.57
0.27
0.03
0.23
0.72
0.69
0.65
0.12
0.91
0.97
0.04
0.32
0.41
0.37
0.56
0.46
0.63
0.07
0.23
0.71
0.56
0.32
0.34
0.78
0.90
0.40
0.50
0.52
0.33
0.29
0.35
0.93
0.20
0.62
0.68
0.82
0.28
0.90
0.14
0.53
0.95
0.35
0.57
0.81
0.61
0.53
0.94
0.78
0.81
0.50
0.74
0.62
0.07
0.74
0.75
0.60
0.34
0.66
0.83
0.09
0.13
0.93
0.22
0.10
0.54
0.15
0.90
0.02
0.58
0.52
0.49
0.26
0.91
0.10
0.58
0.47
0.22
0.13
0.37
0.69
0.63
0.08
0.50
0.96
0.13
0.42
0.08
0.85
0.66
0.19
0.67
0.49
0.39
0.56
0.60
0.81
0.60
0.77
0.62
0.51
0.42
0.63
0.64
0.22
0.67
0.15
0.00
0.48
0.42
0.47
0.46
0.90
0.33
0.91
0.37
0.46
0.02
0.38
0.75
0.90
0.03
0.59
0.20
0.37
0.06
0.85
0.19
0.16
0.00
0.35
0.25
0.64
0.95
0.17
0.59
0.37
0.25
0.10
0.40
0.90
0.47
0.97
0.27
0.35
0.08
0.93
0.06
0.55
0.40
1.00
0.07
0.18
0.15
0.27
0.83
0.80
0.44
0.41
0.35
0.87
0.92
0.31
0.30
0.74
0.48
0.70
0.20
0.22
0.89
0.05
0.43
0.73
0.96
0.98
0.66
0.54
0.60
0.87
0.80
0.17
0.34
0.47
0.24
0.28
0.08
0.10
0.92
0.03
0.00
0.80
0.08
0.97
0.90
0.82
0.97
0.65
0.92
0.77
0.29
0.38
0.55
0.60
0.62
0.36
0.99
0.10
0.94
0.52
0.71
0.07
0.02
0.00
0.84
0.32
0.47
0.01
0.02
0.30
0.27
0.66
0.66
0.98
0.81
0.48
0.83
0.91
0.13
0.03
0.99
0.80
0.01
0.96
0.65
0.53
0.49
0.86
0.13
0.27
0.73
0.18
0.51
0.35
0.10
0.80
0.50
0.83
0.82
0.51
0.26
0.09
0.89
0.90
0.19
0.36
0.56
0.84
0.60
0.66
0.65
0.46
0.18
0.58
0.37
0.40
0.87
0.04
0.53
0.85
0.36
0.27
0.38
0.00
0.66
0.66
0.03
0.89
0.68
0.93
0.61
0.88
0.51
0.48
0.82
0.87
0.45
0.48
0.65
0.10
0.07
0.80
0.24
0.13
0.63
0.37
0.02
0.82
0.18
0.01
0.13
0.67
0.22
0.01
0.84
0.54
0.58
0.93
0.16
0.83
0.29
0.94
0.17
0.46
0.70
0.36
0.97
0.69
0.98
0.91
0.99
0.28
0.96
0.98
0.67
0.64
0.93
0.58
0.57
0.92
0.62
0.17
0.35
0.94
0.18
0.15
0.40
0.63
0.48
0.25
0.39
0.20
0.65
0.65
0.91
0.16
0.81
0.99
0.11
0.57
0.69
0.70
0.74
0.89
0.54
0.35
0.28
0.48
0.06
0.35
0.83
0.42
0.29
0.65
0.82
0.49
0.39
0.36
0.20
0.90
0.28
0.79
0.71
0.60
0.41
0.98
0.66
0.06
0.68
0.91
0.47
0.17
0.07
0.15
0.48
0.20
0.09
0.88
0.26
0.11
0.14
0.49
0.50
0.88
0.69
0.60
0.09
0.56
0.87
0.98
0.43
0.23
0.28
0.86
0.32
0.34
0.07
0.20
0.43
0.13
0.08
0.17
0.75
0.92
0.26
0.80
0.76
0.84
0.61
0.67
0.11
0.97
0.80
0.68
0.22
0.83
0.43
0.30
0.01
0.77
0.96
0.74
0.60
0.82
0.74
0.81
0.76
0.62
0.01
0.77
0.34
0.48
0.88
0.06
0.93
0.73
0.11
0.87
0.71
0.18
0.06
0.60
0.72
0.55
0.30
0.05
0.55
0.36
0.95
0.33
0.95
0.73
0.50
0.60
0.97
0.97
0.88
0.07
0.17
0.63
0.27
0.28
0.42
0.14
0.09
0.29
0.43
0.45
0.45
0.20
1.00
0.02
0.25
0.95
0.32
0.57
0.37
0.43
0.14
0.84
1.00
0.49
0.75
0.15
0.91
0.29
0.23
0.29
0.37
0.58
0.60
0.92
0.46
0.40
0.11
0.96
0.07
0.28
0.71
0.96
0.69
0.86
0.00
0.18
0.32
0.07
0.23
0.41
0.92
0.69
0.48
0.78
0.80
0.07
0.38
0.00
0.64
0.52
0.38
0.92
0.89
0.08
0.85
0.52
0.17
0.99
0.49
0.50
0.98
0.99
0.55
0.39
0.68
0.22
0.93
0.57
0.56
0.47
0.81
0.63
0.05
0.71
0.18
0.79
0.51
0.08
0.71
0.32
0.24
0.93
0.08
0.73
0.79
0.02
0.60
0.22
0.62
0.27
0.49
0.45
0.84
0.11
0.62
0.82
0.73
0.18
0.20
0.79
0.67
0.46
0.71
0.06
0.76
0.11
0.75
0.68
0.04
0.36
0.44
0.29
0.98
0.36
0.21
0.93
0.93
0.98
0.47
0.43
0.83
0.64
0.83
0.42
0.31
0.25
0.86
0.57
0.33
0.74
0.12
0.72
0.95
0.23
0.39
0.73
0.65
0.26
0.10
0.85
0.48
0.23
0.37
0.74
0.38
0.25
0.32
0.84
0.38
0.04
0.24
0.09
0.12
0.01
0.56
0.93
0.48
0.67
0.27
0.40
0.60
0.26
0.92
0.53
0.06
0.08
0.30
0.66
0.95
0.17
0.59
0.53
0.07
0.72
0.61
0.40
0.66
0.55
0.28
0.49
0.34
0.06
0.89
0.81
0.86
0.69
0.16
0.92
0.04
0.07
0.55
0.73
0.26
0.82
0.22
0.82
0.18
0.16
0.31
0.10
0.39
0.41
0.30
0.89
0.07
0.98
0.41
0.97
0.51
0.56
0.81
0.58
0.69
0.78
0.15
0.67
0.89
0.50
1.00
0.53
0.21
0.75
0.71
0.78
0.88
0.09
0.52
0.81
0.42
0.42
0.58
0.71
0.85
1.00
0.30
0.23
0.19
0.89
0.25
0.16
0.54
0.72
0.72
0.68
0.95
0.81
0.56
0.36
0.55
0.61
0.02
0.84
0.31
0.68
0.27
0.57
0.53
0.62
0.81
0.31
0.26
0.10
0.54
0.48
0.10
0.87
0.47
0.40
0.12
0.68
0.60
0.39
0.76
0.35
0.90
0.64
0.62
0.94
0.24
0.59
0.85
0.17
0.41
0.01
0.37
0.52
0.41
0.04
0.79
0.67
0.39
0.63
0.05
0.96
0.26
0.56
0.44
0.24
0.10
0.96
0.55
0.43
0.87
0.97
0.56
0.01
0.51
0.28
0.73
0.30
0.30
0.22
0.11
0.98
0.29
0.12
0.50
0.98
0.68
0.65
0.66
0.42
0.88
0.58
0.66
0.31
0.20
0.67
0.52
0.49
0.93
0.56
0.16
0.45
0.71
0.72
0.34
0.57
0.23
0.22
0.32
0.68
0.38
0.62
0.64
0.01
0.20
0.77
0.98
0.19
0.63
0.80
0.49
0.04
0.78
0.94
0.82
0.57
0.06
1.00
0.12
0.14
0.79
0.59
0.20
0.54
0.17
0.65
0.32
0.59
0.01
0.42
0.11
0.37
0.42
0.35
0.03
0.14
0.61
0.91
0.53
0.55
0.26
0.92
0.51
0.14
0.57
0.45
0.13
0.06
0.07
0.88
0.95
0.57
0.45
0.31
0.43
0.73
0.59
0.41
0.88
0.69
0.45
0.77
0.68
0.66
0.99
0.97
0.09
0.18
0.18
0.92
0.86
0.83
0.96
0.57
0.14
0.02
0.36
0.75
0.68
0.84
1.00
0.15
0.95
0.33
0.04
0.36
0.52
0.23
0.56
0.65
0.42
0.12
0.43
0.69
0.32
0.02
0.84
0.68
0.54
0.16
0.71
0.88
0.66
0.05
0.10
0.12
0.38
0.56
0.20
0.94
0.37
0.02
0.80
0.41
0.97
0.18
0.46
0.43
0.51
0.02
0.12
0.66
0.18
0.86
0.13
0.04
0.89
0.71
0.37
0.84
0.30
0.74
0.02
0.53
0.29
0.07
0.07
0.56
0.44
0.10
0.05
0.99
0.04
0.01
0.99
0.24
0.25
0.07
0.25
0.23
0.84
0.77
0.29
0.75
0.35
0.92
0.32
0.07
0.67
0.07
0.58
0.28
0.05
0.81
0.07
0.55
0.73
0.70
0.32
0.29
0.94
0.49
0.01
0.55
0.74
0.48
0.76
0.62
0.04
0.85
0.26
0.68
0.65
0.42
0.57
0.98
0.29
0.20
0.43
0.11
0.74
0.20
0.15
0.70
0.88
0.54
0.65
0.33
0.61
0.11
0.98
0.94
0.89
0.66
0.61
0.03
0.45
0.19
0.96
0.45
0.94
0.05
0.88
0.87
0.45
0.63
0.89
0.89
0.59
0.96
0.01
0.15
0.11
0.09
0.49
0.96
0.66
0.69
0.83
0.55
0.52
0.42
0.85
0.84
0.04
0.34
0.05
0.72
0.84
0.29
0.93
0.40
0.71
0.02
0.72
0.15
0.46
0.72
0.45
0.86
0.73
0.39
0.86
0.15
0.91
0.23
0.12
0.67
0.20
0.93
0.37
0.29
0.22
0.56
0.91
0.27
0.84
0.36
0.81
0.03
0.28
0.21
0.10
0.63
0.75
0.65
0.41
0.54
0.35
0.34
0.75
0.01
0.95
0.49
0.05
0.10
0.29
0.67
0.75
0.56
0.13
0.16
0.86
0.71
0.35
0.10
0.78
0.86
0.77
0.53
0.85
0.53
0.92
0.71
0.15
0.51
0.96
0.83
0.03
0.87
0.66
0.25
0.15
0.89
0.90
0.23
0.15
0.79
0.49
0.55
0.71
0.77
0.05
0.18
0.60
0.04
0.64
0.30
0.60
0.64
0.36
0.62
0.57
0.77
0.92
0.32
0.74
0.67
0.58
0.53
0.47
0.72
0.56
0.63
0.65
0.83
0.07
0.10
0.10
0.35
0.15
0.33
0.52
0.63
0.51
0.37
0.82
0.61
0.84
0.54
0.13
0.81
0.63
0.51
0.78
0.20
0.77
0.59
0.97
0.12
0.55
0.17
0.32
0.44
0.04
0.04
0.96
0.52
0.28
0.22
0.84
0.47
0.89
0.29
0.01
0.11
0.08
0.69
0.85
0.59
0.28
0.40
0.69
0.29
0.02
0.58
0.40
0.80
0.57
0.46
0.96
0.26
0.50
0.05
0.41
0.31
0.38
0.25
0.37
0.48
0.79
0.40
0.90
0.09
0.83
0.27
0.27
0.15
0.60
0.01
0.57
0.01
0.93
0.56
0.36
0.83
0.58
0.13
0.58
0.80
0.07
0.19
0.12
0.26
0.66
0.95
0.31
0.60
0.17
0.17
0.62
0.80
0.31
0.72
0.93
0.13
0.89
0.40
0.11
0.72
0.31
0.43
0.30
0.46
0.26
0.08
0.96
0.11
0.73
0.12
0.82
0.73
0.15
0.83
0.74
0.36
0.69
0.81
0.78
0.91
0.01
0.68
0.15
0.53
0.33
0.85
0.50
0.36
0.86
0.03
0.82
0.76
0.27
0.59
0.17
0.65
0.27
0.82
0.52
0.65
0.78
0.88
1.00
0.18
0.54
0.34
0.42
0.53
0.67
0.87
0.91
0.74
0.50
0.53
0.65
0.46
0.92
0.32
0.32
0.42
0.76
0.02
0.49
0.39
0.41
0.84
0.16
0.13
0.62
0.60
0.70
1.00
0.11
0.51
0.84
0.66
0.15
0.08
0.60
0.14
0.93
0.75
0.04
0.06
0.66
0.11
0.45
0.75
0.62
0.70
0.22
0.91
0.36
0.59
0.12
0.38
0.98
0.88
0.12
0.46
0.45
0.69
0.04
0.02
0.47
0.86
0.40
0.83
0.00
0.79
0.86
0.56
0.72
0.74
0.30
0.03
0.00
0.30
0.22
0.50
0.40
0.65
0.49
0.76
0.42
0.30
0.53
0.48
0.80
0.59
0.76
0.30
0.55
0.34
0.66
0.84
0.27
0.73
0.97
0.74
0.60
0.93
0.74
0.95
0.12
0.44
0.28
0.31
0.26
0.71
0.51
0.25
0.75
0.50
0.07
0.62
0.93
0.54
0.99
0.34
0.74
0.46
0.83
0.14
0.76
0.23
0.93
0.53
0.61
0.24
0.36
0.83
0.43
0.97
0.70
0.29
0.37
0.15
0.93
0.86
0.35
0.44
0.75
0.04
0.39
0.25
0.63
0.34
0.87
0.05
0.06
0.35
0.10
0.22
0.27
0.46
0.90
0.13
0.55
0.22
0.48
0.04
0.64
0.50
0.21
0.60
0.43
0.72
0.05
0.38
0.10
0.63
0.78
0.40
0.59
0.60
0.20
0.34
0.80
0.48
0.59
0.94
0.58
0.91
0.29
0.97
0.44
0.36
0.92
0.47
0.93
0.70
0.34
0.03
0.40
0.92
0.34
0.29
0.47
0.50
0.93
0.72
0.18
0.28
0.09
0.10
0.27
0.59
0.77
0.15
0.28
0.64
0.46
0.79
0.48
0.17
0.88
0.73
0.79
0.05
0.42
0.24
0.35
0.30
0.21
0.92
0.16
0.13
0.12
0.46
0.86
0.56
0.86
0.95
0.56
0.01
0.32
0.84
0.74
0.79
0.92
1.00
0.65
0.84
0.97
0.89
0.96
0.67
0.94
0.14
0.15
0.90
0.42
0.89
0.69
0.36
0.75
0.14
0.55
0.12
0.82
0.59
0.73
0.90
0.35
0.98
0.73
0.50
0.53
0.52
0.18
0.99
0.67
0.04
0.55
0.02
0.27
0.93
0.67
0.50
0.52
0.74
0.16
0.14
0.61
0.15
0.62
0.44
0.08
0.54
0.27
0.66
0.37
0.37
0.59
0.46
0.52
0.93
0.76
0.18
0.79
0.08
0.70
0.27
0.26
0.00
0.83
0.91
0.53
0.06
0.58
0.63
0.31
0.41
0.24
0.62
0.60
0.69
0.62
0.22
0.94
0.72
0.09
0.02
0.91
0.36
0.05
0.97
0.29
0.21
0.98
0.20
0.04
0.08
0.01
0.61
0.51
0.48
0.53
0.47
0.34
0.41
0.68
0.04
0.55
0.16
0.65
0.56
0.10
0.69
0.40
0.21
1.00
0.67
0.04
0.38
0.44
0.30
0.13
0.51
0.10
0.96
0.76
0.53
0.64
0.95
0.08
1.00
0.04
0.72
0.88
0.15
0.05
0.96
0.66
0.56
0.68
0.98
0.01
0.62
0.11
0.35
0.52
0.21
0.89
0.28
0.46
0.63
0.66
0.32
0.63
0.98
0.58
0.25
0.36
0.74
0.70
0.52
0.33
0.05
0.60
0.61
0.76
0.65
0.92
0.94
0.52
0.28
0.30
0.11
0.66
0.99
0.24
0.95
0.86
0.85
0.22
0.96
0.00
0.37
0.93
0.22
0.97
0.72
0.52
0.65
0.61
0.54
0.32
0.24
0.31
0.64
0.63
0.07
0.19
0.19
0.83
0.10
0.30
0.64
0.26
0.81
0.60
0.99
0.81
0.33
0.41
0.24
0.36
0.54
0.86
0.97
0.35
0.17
0.47
0.89
1.00
0.44
0.95
0.25
0.28
0.18
0.15
0.34
0.07
0.10
0.13
0.36
0.40
0.29
0.47
0.22
0.68
0.25
0.00
0.54
0.39
0.75
0.37
0.03
0.58
0.23
0.43
0.06
0.09
0.12
0.49
0.85
0.32
0.12
0.70
0.09
0.14
0.87
0.67
0.32
0.10
0.43
0.19
0.46
0.88
0.86
0.34
0.19
0.95
0.37
0.22
0.68
0.88
0.70
0.34
0.31
0.86
0.19
0.81
0.07
0.61
0.99
0.33
0.58
0.19
0.22
0.88
0.93
0.07
0.68
0.51
0.53
0.50
0.37
0.25
0.38
0.13
0.83
0.81
0.02
0.96
0.62
0.59
0.77
0.29
0.01
0.88
0.34
0.23
0.86
0.08
0.34
0.11
0.13
0.32
0.37
0.22
0.56
0.35
0.80
0.16
0.19
0.85
0.03
0.66
0.06
0.90
0.94
0.80
0.82
0.32
0.82
0.84
0.15
0.57
0.42
0.37
0.94
0.62
0.52
0.58
0.81
0.30
0.58
0.30
0.97
0.22
0.44
0.88
0.60
0.86
0.96
0.24
0.58
0.29
0.90
0.09
0.04
0.02
0.84
0.26
0.68
0.69
0.47
0.54
0.79
0.60
0.06
0.41
0.56
0.68
0.15
0.03
0.47
0.77
0.03
0.98
0.98
0.31
0.63
0.97
0.59
0.91
0.52
0.21
0.32
0.79
0.52
0.38
0.19
0.36
0.14
0.93
0.65
0.55
0.11
0.39
0.38
0.38
0.89
0.10
0.72
0.10
0.33
0.92
0.48
0.01
0.16
0.15
0.02
0.54
0.99
0.48
0.60
0.98
0.74
0.59
0.07
0.73
0.36
0.85
0.22
0.14
0.17
0.65
0.41
0.35
0.59
0.36
0.03
0.55
0.52
0.30
0.48
0.97
0.92
0.72
0.99
0.70
0.68
0.12
0.57
0.12
0.26
0.64
0.17
0.49
0.51
0.52
0.75
0.17
0.45
0.97
0.58
0.14
0.75
0.92
0.01
0.18
0.09
0.95
0.30
0.59
0.47
0.84
0.07
0.55
0.99
0.06
0.78
0.23
0.25
0.65
0.09
0.27
0.64
0.61
0.75
0.58
0.41
0.67
0.27
0.68
0.31
0.42
0.69
0.62
0.19
0.17
0.42
0.18
0.97
0.12
0.11
0.69
0.01
0.05
0.32
0.05
0.31
0.74
0.99
0.55
0.21
0.02
0.82
0.47
0.77
0.69
0.54
0.92
0.92
0.72
0.12
0.77
0.15
0.48
0.96
0.06
0.19
0.95
0.23
0.84
0.62
0.14
0.13
0.79
0.95
0.36
0.74
0.82
0.17
0.19
0.73
0.08
0.30
0.62
0.02
0.16
0.23
0.39
0.47
0.24
0.99
0.94
0.04
0.46
0.41
0.68
0.04
0.20
0.84
0.90
0.43
0.03
0.50
0.26
0.31
0.61
0.59
0.73
0.89
0.46
0.84
0.22
0.85
0.17
0.74
0.10
0.12
0.46
0.28
0.34
0.89
0.40
0.83
0.13
0.07
0.80
0.30
0.67
0.41
0.36
0.51
0.69
0.28
0.76
0.58
0.88
0.81
0.18
0.24
0.84
0.31
0.09
0.48
0.26
0.28
0.77
0.59
0.30
0.55
0.04
0.77
0.36
0.54
0.11
0.09
0.43
0.14
0.94
0.22
0.33
0.82
0.65
0.72
0.41
0.47
0.27
0.66
0.53
0.32
0.72
0.28
0.76
0.96
0.98
0.27
0.98
0.36
0.85
0.81
0.14
0.50
0.19
0.75
0.61
0.04
0.51
0.63
0.65
0.67
0.55
0.05
0.11
0.41
0.68
0.16
0.85
0.57
0.53
0.55
0.91
0.16
0.45
0.43
0.53
0.90
0.18
0.14
0.21
0.52
0.30
0.06
0.31
0.94
0.97
0.42
0.76
0.78
0.67
0.55
0.66
0.64
0.00
0.81
0.74
0.19
0.32
0.30
0.31
0.76
0.76
0.08
0.91
0.38
0.35
0.60
0.36
0.13
0.58
0.17
0.48
0.95
0.13
0.08
0.58
0.72
0.60
0.07
0.91
0.49
0.90
0.66
0.52
0.70
0.38
0.70
0.57
0.20
0.77
0.02
0.77
0.08
0.58
0.81
0.65
0.78
0.95
0.46
0.79
0.76
0.66
0.65
0.04
0.14
0.89
0.83
0.86
0.63
0.82
0.62
0.78
0.42
0.01
0.26
0.05
0.81
0.59
0.10
0.84
0.73
0.94
0.58
0.78
0.67
0.62
0.56
0.81
0.36
0.36
0.03
0.57
0.62
0.38
0.86
0.56
0.15
0.26
0.68
0.28
0.26
0.12
0.25
0.86
0.52
0.60
0.88
0.53
0.78
0.74
0.77
0.92
0.79
0.41
0.17
0.34
0.13
0.99
0.10
0.26
0.49
1.00
0.98
0.04
0.86
0.01
0.91
0.00
0.84
0.74
0.35
0.97
0.31
0.92
0.76
0.16
0.66
0.85
0.46
0.57
0.17
0.45
0.84
0.05
0.32
0.90
0.08
0.84
0.42
0.81
0.20
0.71
0.46
0.14
0.39
0.76
0.24
0.27
0.76
0.01
0.26
0.64
0.30
0.01
0.61
0.93
0.67
0.41
0.67
0.27
0.24
0.36
0.41
0.54
0.53
0.95
0.21
0.77
0.45
0.92
0.89
0.38
0.65
0.26
0.95
0.90
0.32
0.21
0.56
0.89
0.44
0.08
0.43
0.07
0.64
0.69
0.19
0.54
0.11
0.09
0.33
0.58
0.74
0.21
0.72
0.33
0.11
0.49
0.26
0.53
0.56
0.32
0.53
0.29
0.72
0.27
0.21
0.86
0.16
0.39
0.94
0.75
0.04
0.74
0.11
0.08
0.34
0.89
0.55
0.63
0.40
0.39
0.65
0.60
0.96
0.27
0.82
0.89
0.67
0.68
0.36
0.08
0.89
0.41
0.25
0.46
0.53
0.96
0.94
0.92
0.42
0.18
0.08
0.46
0.09
0.99
0.73
0.56
0.66
0.09
0.15
0.20
0.77
0.25
0.05
0.33
0.93
0.64
0.87
0.45
0.07
0.65
0.01
0.98
0.25
0.89
0.92
0.86
0.29
0.39
0.38
0.21
0.80
0.19
0.24
0.52
0.25
0.60
0.54
0.80
0.37
0.14
0.08
0.64
0.94
0.50
0.06
0.12
0.18
0.38
0.43
0.97
0.56
0.80
0.41
0.90
0.14
0.74
0.82
0.79
0.81
0.79
0.44
0.94
0.97
0.87
0.61
0.61
0.94
0.36
0.74
0.77
0.25
0.97
0.80
0.47
0.23
0.32
0.20
0.81
0.16
0.57
0.96
0.31
0.88
0.41
0.83
0.36
0.21
0.67
0.58
0.70
0.58
0.95
0.09
0.11
0.54
0.12
0.97
0.42
0.53
0.97
0.37
0.82
0.82
0.97
0.52
0.83
0.15
0.04
0.26
0.32
0.26
0.48
0.25
0.80
0.50
0.85
0.10
0.66
0.67
0.20
0.09
0.40
0.24
0.53
0.89
0.87
0.82
0.23
0.87
0.40
0.73
0.02
0.02
0.47
0.02
0.80
0.59
0.14
0.69
0.79
0.89
0.41
0.83
0.77
0.91
0.43
0.73
0.65
0.19
0.65
0.61
0.93
0.02
0.60
0.06
0.18
0.80
0.69
0.17
0.04
0.48
0.51
0.71
0.44
0.44
0.19
0.93
0.55
0.59
0.27
0.59
0.14
0.53
0.02
0.64
0.48
0.57
0.97
0.39
0.17
0.95
0.41
0.76
0.66
0.41
0.92
0.33
0.46
0.61
0.41
0.02
0.86
0.46
0.83
0.16
0.89
0.56
0.24
0.08
0.17
0.54
0.87
0.17
0.85
0.66
0.98
0.02
0.86
0.22
0.05
0.11
0.47
0.69
0.39
0.03
0.13
0.95
0.68
0.19
0.43
0.63
0.86
0.34
0.12
0.19
0.96
0.72
0.56
0.89
0.16
0.21
0.13
0.57
0.13
0.25
0.18
0.56
0.51
0.17
0.26
0.44
0.16
0.46
0.57
0.03
0.89
0.34
0.91
0.64
0.14
0.65
0.10
0.10
0.01
0.51
0.43
0.83
0.51
0.22
0.42
0.88
0.65
0.29
0.15
0.34
0.42
0.38
0.05
0.34
0.66
0.93
0.08
0.41
0.76
0.13
0.74
0.72
0.01
0.19
0.84
0.13
0.53
0.17
0.28
0.30
0.48
0.07
0.19
0.07
0.82
0.01
0.31
0.57
0.69
0.38
0.75
0.04
0.00
0.27
0.50
0.42
0.13
0.70
0.69
0.32
0.90
0.22
0.65
0.10
0.01
0.42
0.08
0.94
0.23
0.41
0.03
0.47
0.36
0.76
0.13
0.88
0.70
0.50
0.51
0.41
1.00
0.38
0.39
0.39
0.96
0.49
0.19
0.70
1.00
0.61
0.80
0.45
0.73
0.10
0.11
0.96
0.82
0.51
0.64
0.95
0.28
0.31
0.54
0.79
0.88
0.62
0.29
0.71
1.00
0.87
0.93
0.62
0.09
0.13
0.50
0.51
0.52
0.51
0.01
0.12
0.11
0.08
0.87
0.58
0.72
0.33
0.50
0.70
0.98
0.81
0.64
0.68
0.12
0.43
0.73
0.40
0.10
0.68
0.45
0.54
0.87
0.23
0.25
0.58
0.49
0.32
0.27
0.92
0.60
0.11
0.44
0.41
0.85
0.48
0.44
0.19
0.36
0.97
0.00
0.21
0.56
0.68
0.95
0.26
0.98
0.83
0.50
0.78
0.13
0.11
0.06
0.60
0.25
0.95
0.91
0.85
0.55
0.70
0.62
0.55
0.91
0.07
0.33
0.58
0.93
0.93
0.13
0.44
0.50
0.15
0.19
0.95
0.50
0.94
0.61
0.18
0.07
0.66
0.89
0.92
0.62
0.83
0.32
0.23
0.38
0.82
0.52
0.87
0.06
0.40
0.50
0.89
0.69
0.09
0.46
0.29
0.44
0.21
0.10
0.91
0.33
0.88
0.05
0.03
0.47
0.17
0.66
0.32
0.37
0.88
0.11
0.33
0.59
0.94
0.78
0.57
0.22
0.67
0.82
0.75
0.90
0.99
0.54
0.14
0.78
0.46
0.77
0.41
0.04
0.52
0.30
0.65
0.68
0.76
0.18
0.55
0.61
0.44
0.99
0.96
0.01
0.99
0.67
0.11
0.39
0.34
0.68
0.20
0.99
0.33
0.57
0.52
0.17
0.57
0.84
0.02
0.37
0.18
0.39
0.14
0.10
0.98
0.79
0.66
0.94
0.51
0.66
0.95
0.38
0.21
0.38
0.98
0.05
0.52
0.64
0.50
0.11
0.13
0.40
0.58
0.35
0.88
0.66
0.51
0.94
0.64
0.51
0.23
0.84
0.36
0.08
0.86
0.66
0.50
0.95
0.63
0.92
0.10
0.33
0.38
0.68
0.37
0.70
0.30
0.19
0.99
0.96
0.22
0.21
0.19
0.46
0.36
0.42
0.17
0.44
0.95
0.09
0.30
0.55
0.06
0.02
0.61
0.53
0.77
0.11
0.33
0.02
0.54
0.17
0.70
0.31
0.52
0.61
0.95
0.92
0.90
0.67
0.32
0.26
0.65
0.52
0.48
0.33
0.09
0.61
0.78
0.92
0.04
0.13
0.47
0.48
0.28
0.56
0.81
0.85
0.93
0.29
0.38
0.07
0.99
0.36
0.68
0.45
0.44
0.14
0.46
0.25
0.79
0.70
0.17
0.50
0.45
0.71
0.26
0.52
0.81
0.97
0.81
0.47
0.67
0.79
0.02
0.62
0.82
0.21
0.59
0.36
0.83
0.01
0.05
0.12
0.45
0.50
0.53
0.85
0.10
0.99
0.49
0.58
0.92
0.39
0.79
0.22
0.35
0.40
0.97
0.61
0.75
0.42
0.02
0.20
0.57
0.10
0.35
0.62
0.17
0.97
0.77
0.33
0.97
0.54
0.67
0.92
0.23
0.46
0.10
0.86
0.00
0.96
0.03
0.55
0.38
0.65
0.59
0.63
0.99
0.92
0.27
0.81
0.80
0.99
0.33
0.45
0.44
0.39
0.69
0.17
0.01
0.68
0.49
0.55
0.11
0.08
0.57
0.38
0.18
0.16
0.31
0.09
0.59
0.27
0.86
0.82
0.30
0.33
0.25
0.87
0.13
0.84
0.88
0.77
0.23
0.87
0.08
0.35
0.28
0.73
0.88
0.95
0.26
0.09
0.15
0.13
0.69
0.09
0.75
0.19
0.75
0.40
0.74
0.13
0.52
0.89
0.07
0.69
0.84
0.58
0.12
0.14
0.34
0.79
0.11
0.28
0.53
0.83
0.98
0.28
0.88
0.03
0.59
0.19
0.77
0.31
0.95
0.02
0.61
0.39
0.96
0.04
0.21
0.30
0.41
0.04
0.36
0.56
0.78
0.82
0.62
0.56
0.59
0.57
0.09
0.79
0.63
0.51
0.54
0.39
0.05
0.06
0.00
0.66
0.90
0.20
0.15
0.82
0.28
0.92
0.82
0.63
0.62
0.07
0.90
0.58
0.57
0.56
0.41
0.07
0.32
0.21
0.36
0.47
0.60
0.53
0.52
0.22
0.25
0.34
0.70
0.49
0.73
0.11
0.13
0.96
0.12
0.95
0.36
0.95
0.31
0.98
0.09
0.64
0.56
0.60
0.50
0.79
0.17
0.15
0.65
0.72
0.92
0.40
0.11
0.17
0.43
0.82
0.94
0.76
0.27
0.60
0.65
0.08
0.28
0.31
0.58
0.69
0.17
0.42
0.18
0.07
0.14
0.70
0.33
0.51
0.07
0.19
0.36
0.38
0.24
0.96
0.05
0.51
0.85
0.88
0.58
0.30
0.96
0.30
0.98
0.52
0.50
0.81
0.49
0.10
0.98
0.38
0.56
0.70
0.45
0.35
0.56
0.76
0.44
0.55
0.54
0.85
0.53
0.44
0.53
0.16
0.10
0.64
0.07
0.65
0.33
0.87
0.56
0.50
0.96
0.00
0.50
0.39
0.44
0.61
0.83
0.20
0.17
0.12
0.21
0.02
0.94
0.23
0.69
0.99
0.82
0.50
0.91
0.37
0.16
0.56
0.33
0.23
0.59
0.31
0.84
0.49
0.46
0.70
0.99
0.98
0.04
0.33
0.37
0.10
0.69
0.43
0.29
0.92
0.66
0.90
0.94
0.36
0.65
